0.000000e+00	0.000000e+00	9.533202e-04
0.000000e+00	2.344322e-02	1.638959e-03
0.000000e+00	4.688645e-02	2.042829e-03
0.000000e+00	7.032967e-02	2.230675e-03
0.000000e+00	9.377289e-02	2.305814e-03
0.000000e+00	1.172161e-01	2.254156e-03
0.000000e+00	1.406593e-01	2.136752e-03
0.000000e+00	1.641026e-01	1.939513e-03
0.000000e+00	1.875458e-01	1.737579e-03
0.000000e+00	2.109890e-01	1.474594e-03
0.000000e+00	2.344322e-01	1.216305e-03
0.000000e+00	2.578755e-01	9.674087e-04
0.000000e+00	2.813187e-01	7.607777e-04
0.000000e+00	3.047619e-01	5.823237e-04
0.000000e+00	3.282051e-01	4.555274e-04
0.000000e+00	3.516484e-01	3.663004e-04
0.000000e+00	3.750916e-01	3.193388e-04
0.000000e+00	3.985348e-01	3.099465e-04
0.000000e+00	4.219780e-01	2.629849e-04
0.000000e+00	4.454212e-01	2.488964e-04
0.000000e+00	4.688645e-01	1.925425e-04
0.000000e+00	4.923077e-01	2.113271e-04
0.000000e+00	5.157509e-01	1.972387e-04
0.000000e+00	5.391941e-01	1.502771e-04
0.000000e+00	5.626374e-01	1.972387e-04
0.000000e+00	5.860806e-01	1.925425e-04
0.000000e+00	6.095238e-01	1.690617e-04
0.000000e+00	6.329670e-01	1.972387e-04
0.000000e+00	6.564103e-01	2.254156e-04
0.000000e+00	6.798535e-01	2.442002e-04
0.000000e+00	7.032967e-01	2.301118e-04
0.000000e+00	7.267399e-01	2.301118e-04
0.000000e+00	7.501832e-01	2.488964e-04
0.000000e+00	7.736264e-01	2.676810e-04
0.000000e+00	7.970696e-01	2.864657e-04
0.000000e+00	8.205128e-01	3.099465e-04
0.000000e+00	8.439560e-01	3.381234e-04
0.000000e+00	8.673993e-01	4.367427e-04
0.000000e+00	8.908425e-01	4.367427e-04
0.000000e+00	9.142857e-01	4.884005e-04
0.000000e+00	9.377289e-01	5.917160e-04
0.000000e+00	9.611722e-01	6.856391e-04
0.000000e+00	9.846154e-01	7.983470e-04
0.000000e+00	1.008059e+00	9.392317e-04
0.000000e+00	1.031502e+00	1.127078e-03
0.000000e+00	1.054945e+00	1.352494e-03
0.000000e+00	1.078388e+00	1.662440e-03
0.000000e+00	1.101832e+00	2.028740e-03
0.000000e+00	1.125275e+00	2.545318e-03
0.000000e+00	1.148718e+00	3.146426e-03
0.000000e+00	1.172161e+00	3.972950e-03
0.000000e+00	1.195604e+00	4.996713e-03
0.000000e+00	1.219048e+00	6.311637e-03
0.000000e+00	1.242491e+00	7.988166e-03
0.000000e+00	1.265934e+00	1.012022e-02
0.000000e+00	1.289377e+00	1.280642e-02
0.000000e+00	1.312821e+00	1.918381e-02
0.000000e+00	1.336264e+00	1.923077e-02
0.000000e+00	1.359707e+00	1.923077e-02
0.000000e+00	1.383150e+00	1.923077e-02
0.000000e+00	1.406593e+00	1.923077e-02
0.000000e+00	1.430037e+00	1.923077e-02
0.000000e+00	1.453480e+00	1.923077e-02
0.000000e+00	1.476923e+00	1.923077e-02
0.000000e+00	1.500366e+00	1.923077e-02
0.000000e+00	1.523810e+00	1.923077e-02
0.000000e+00	1.547253e+00	1.923077e-02
0.000000e+00	1.570696e+00	1.923077e-02
0.000000e+00	1.594139e+00	1.923077e-02
0.000000e+00	1.617582e+00	1.923077e-02
0.000000e+00	1.641026e+00	1.923077e-02
0.000000e+00	1.664469e+00	1.923077e-02
0.000000e+00	1.687912e+00	1.923077e-02
0.000000e+00	1.711355e+00	1.923077e-02
0.000000e+00	1.734799e+00	1.923077e-02
0.000000e+00	1.758242e+00	1.923077e-02
0.000000e+00	1.781685e+00	1.923077e-02
0.000000e+00	1.805128e+00	1.923077e-02
0.000000e+00	1.828571e+00	1.923077e-02
0.000000e+00	1.852015e+00	1.923077e-02
0.000000e+00	1.875458e+00	1.923077e-02
0.000000e+00	1.898901e+00	1.923077e-02
0.000000e+00	1.922344e+00	1.923077e-02
0.000000e+00	1.945788e+00	1.923077e-02
0.000000e+00	1.969231e+00	1.923077e-02
0.000000e+00	1.992674e+00	1.923077e-02
0.000000e+00	2.016117e+00	1.923077e-02
0.000000e+00	2.039560e+00	1.923077e-02
0.000000e+00	2.063004e+00	1.923077e-02
0.000000e+00	2.086447e+00	1.923077e-02
0.000000e+00	2.109890e+00	1.923077e-02
0.000000e+00	2.133333e+00	1.923077e-02
0.000000e+00	2.156777e+00	1.923077e-02
0.000000e+00	2.180220e+00	1.923077e-02
0.000000e+00	2.203663e+00	1.923077e-02
0.000000e+00	2.227106e+00	1.923077e-02
0.000000e+00	2.250549e+00	1.923077e-02
0.000000e+00	2.273993e+00	1.923077e-02
0.000000e+00	2.297436e+00	1.923077e-02
0.000000e+00	2.320879e+00	1.923077e-02
0.000000e+00	2.344322e+00	1.923077e-02
0.000000e+00	2.367766e+00	1.923077e-02
0.000000e+00	2.391209e+00	1.923077e-02
0.000000e+00	2.414652e+00	1.923077e-02
0.000000e+00	2.438095e+00	1.923077e-02
0.000000e+00	2.461538e+00	1.923077e-02
0.000000e+00	2.484982e+00	1.923077e-02
0.000000e+00	2.508425e+00	1.923077e-02
0.000000e+00	2.531868e+00	1.923077e-02
0.000000e+00	2.555311e+00	1.923077e-02
0.000000e+00	2.578755e+00	1.923077e-02
0.000000e+00	2.602198e+00	1.923077e-02
0.000000e+00	2.625641e+00	1.923077e-02
0.000000e+00	2.649084e+00	1.923077e-02
0.000000e+00	2.672527e+00	1.923077e-02
0.000000e+00	2.695971e+00	1.923077e-02
0.000000e+00	2.719414e+00	1.923077e-02
0.000000e+00	2.742857e+00	1.923077e-02
0.000000e+00	2.766300e+00	1.923077e-02
0.000000e+00	2.789744e+00	1.923077e-02
0.000000e+00	2.813187e+00	1.923077e-02
0.000000e+00	2.836630e+00	1.923077e-02
0.000000e+00	2.860073e+00	1.923077e-02
0.000000e+00	2.883516e+00	1.923077e-02
0.000000e+00	2.906960e+00	1.923077e-02
0.000000e+00	2.930403e+00	1.923077e-02
0.000000e+00	2.953846e+00	1.923077e-02
0.000000e+00	2.977289e+00	1.923077e-02


1.883762e-01	0.000000e+00	1.648352e-03
1.883762e-01	2.344322e-02	2.047525e-03
1.883762e-01	4.688645e-02	2.235371e-03
1.883762e-01	7.032967e-02	2.301118e-03
1.883762e-01	9.377289e-02	2.249460e-03
1.883762e-01	1.172161e-01	2.136752e-03
1.883762e-01	1.406593e-01	1.972387e-03
1.883762e-01	1.641026e-01	1.761059e-03
1.883762e-01	1.875458e-01	1.512163e-03
1.883762e-01	2.109890e-01	1.239786e-03
1.883762e-01	2.344322e-01	9.721048e-04
1.883762e-01	2.578755e-01	7.513854e-04
1.883762e-01	2.813187e-01	5.823237e-04
1.883762e-01	3.047619e-01	4.743120e-04
1.883762e-01	3.282051e-01	4.038696e-04
1.883762e-01	3.516484e-01	2.864657e-04
1.883762e-01	3.750916e-01	2.723772e-04
1.883762e-01	3.985348e-01	2.535926e-04
1.883762e-01	4.219780e-01	2.254156e-04
1.883762e-01	4.454212e-01	2.160233e-04
1.883762e-01	4.688645e-01	2.254156e-04
1.883762e-01	4.923077e-01	2.113271e-04
1.883762e-01	5.157509e-01	1.784540e-04
1.883762e-01	5.391941e-01	1.690617e-04
1.883762e-01	5.626374e-01	1.878463e-04
1.883762e-01	5.860806e-01	1.878463e-04
1.883762e-01	6.095238e-01	2.066310e-04
1.883762e-01	6.329670e-01	2.066310e-04
1.883762e-01	6.564103e-01	2.066310e-04
1.883762e-01	6.798535e-01	2.348079e-04
1.883762e-01	7.032967e-01	2.442002e-04
1.883762e-01	7.267399e-01	2.676810e-04
1.883762e-01	7.501832e-01	2.864657e-04
1.883762e-01	7.736264e-01	3.287311e-04
1.883762e-01	7.970696e-01	3.475157e-04
1.883762e-01	8.205128e-01	3.663004e-04
1.883762e-01	8.439560e-01	4.179581e-04
1.883762e-01	8.673993e-01	4.414389e-04
1.883762e-01	8.908425e-01	5.118813e-04
1.883762e-01	9.142857e-01	6.386776e-04
1.883762e-01	9.377289e-01	6.574622e-04
1.883762e-01	9.611722e-01	8.265239e-04
1.883762e-01	9.846154e-01	9.768010e-04
1.883762e-01	1.008059e+00	1.202217e-03
1.883762e-01	1.031502e+00	1.432328e-03
1.883762e-01	1.054945e+00	1.714098e-03
1.883762e-01	1.078388e+00	2.099183e-03
1.883762e-01	1.101832e+00	2.648633e-03
1.883762e-01	1.125275e+00	3.263830e-03
1.883762e-01	1.148718e+00	4.071569e-03
1.883762e-01	1.172161e+00	5.137597e-03
1.883762e-01	1.195604e+00	6.419649e-03
1.883762e-01	1.219048e+00	8.284024e-03
1.883762e-01	1.242491e+00	1.032216e-02
1.883762e-01	1.265934e+00	1.306002e-02
1.883762e-01	1.289377e+00	1.923077e-02
1.883762e-01	1.312821e+00	1.923077e-02
1.883762e-01	1.336264e+00	1.923077e-02
1.883762e-01	1.359707e+00	1.923077e-02
1.883762e-01	1.383150e+00	1.923077e-02
1.883762e-01	1.406593e+00	1.923077e-02
1.883762e-01	1.430037e+00	1.923077e-02
1.883762e-01	1.453480e+00	1.923077e-02
1.883762e-01	1.476923e+00	1.923077e-02
1.883762e-01	1.500366e+00	1.923077e-02
1.883762e-01	1.523810e+00	1.923077e-02
1.883762e-01	1.547253e+00	1.923077e-02
1.883762e-01	1.570696e+00	1.923077e-02
1.883762e-01	1.594139e+00	1.923077e-02
1.883762e-01	1.617582e+00	1.923077e-02
1.883762e-01	1.641026e+00	1.923077e-02
1.883762e-01	1.664469e+00	1.923077e-02
1.883762e-01	1.687912e+00	1.923077e-02
1.883762e-01	1.711355e+00	1.923077e-02
1.883762e-01	1.734799e+00	1.923077e-02
1.883762e-01	1.758242e+00	1.923077e-02
1.883762e-01	1.781685e+00	1.923077e-02
1.883762e-01	1.805128e+00	1.923077e-02
1.883762e-01	1.828571e+00	1.923077e-02
1.883762e-01	1.852015e+00	1.923077e-02
1.883762e-01	1.875458e+00	1.923077e-02
1.883762e-01	1.898901e+00	1.923077e-02
1.883762e-01	1.922344e+00	1.923077e-02
1.883762e-01	1.945788e+00	1.923077e-02
1.883762e-01	1.969231e+00	1.923077e-02
1.883762e-01	1.992674e+00	1.923077e-02
1.883762e-01	2.016117e+00	1.923077e-02
1.883762e-01	2.039560e+00	1.923077e-02
1.883762e-01	2.063004e+00	1.923077e-02
1.883762e-01	2.086447e+00	1.923077e-02
1.883762e-01	2.109890e+00	1.923077e-02
1.883762e-01	2.133333e+00	1.923077e-02
1.883762e-01	2.156777e+00	1.923077e-02
1.883762e-01	2.180220e+00	1.923077e-02
1.883762e-01	2.203663e+00	1.923077e-02
1.883762e-01	2.227106e+00	1.923077e-02
1.883762e-01	2.250549e+00	1.923077e-02
1.883762e-01	2.273993e+00	1.923077e-02
1.883762e-01	2.297436e+00	1.923077e-02
1.883762e-01	2.320879e+00	1.923077e-02
1.883762e-01	2.344322e+00	1.923077e-02
1.883762e-01	2.367766e+00	1.923077e-02
1.883762e-01	2.391209e+00	1.923077e-02
1.883762e-01	2.414652e+00	1.923077e-02
1.883762e-01	2.438095e+00	1.923077e-02
1.883762e-01	2.461538e+00	1.923077e-02
1.883762e-01	2.484982e+00	1.923077e-02
1.883762e-01	2.508425e+00	1.923077e-02
1.883762e-01	2.531868e+00	1.923077e-02
1.883762e-01	2.555311e+00	1.923077e-02
1.883762e-01	2.578755e+00	1.923077e-02
1.883762e-01	2.602198e+00	1.923077e-02
1.883762e-01	2.625641e+00	1.923077e-02
1.883762e-01	2.649084e+00	1.923077e-02
1.883762e-01	2.672527e+00	1.923077e-02
1.883762e-01	2.695971e+00	1.923077e-02
1.883762e-01	2.719414e+00	1.923077e-02
1.883762e-01	2.742857e+00	1.923077e-02
1.883762e-01	2.766300e+00	1.923077e-02
1.883762e-01	2.789744e+00	1.923077e-02
1.883762e-01	2.813187e+00	1.923077e-02
1.883762e-01	2.836630e+00	1.923077e-02
1.883762e-01	2.860073e+00	1.923077e-02
1.883762e-01	2.883516e+00	1.923077e-02
1.883762e-01	2.906960e+00	1.923077e-02
1.883762e-01	2.930403e+00	1.923077e-02
1.883762e-01	2.953846e+00	1.923077e-02


3.767523e-01	0.000000e+00	1.606086e-03
3.767523e-01	2.344322e-02	2.071006e-03
3.767523e-01	4.688645e-02	2.249460e-03
3.767523e-01	7.032967e-02	2.324598e-03
3.767523e-01	9.377289e-02	2.249460e-03
3.767523e-01	1.172161e-01	2.146144e-03
3.767523e-01	1.406593e-01	1.972387e-03
3.767523e-01	1.641026e-01	1.737579e-03
3.767523e-01	1.875458e-01	1.483986e-03
3.767523e-01	2.109890e-01	1.239786e-03
3.767523e-01	2.344322e-01	9.721048e-04
3.767523e-01	2.578755e-01	7.419930e-04
3.767523e-01	2.813187e-01	5.870198e-04
3.767523e-01	3.047619e-01	4.790082e-04
3.767523e-01	3.282051e-01	4.367427e-04
3.767523e-01	3.516484e-01	3.428196e-04
3.767523e-01	3.750916e-01	2.817695e-04
3.767523e-01	3.985348e-01	2.442002e-04
3.767523e-01	4.219780e-01	2.348079e-04
3.767523e-01	4.454212e-01	2.113271e-04
3.767523e-01	4.688645e-01	2.019348e-04
3.767523e-01	4.923077e-01	2.348079e-04
3.767523e-01	5.157509e-01	1.878463e-04
3.767523e-01	5.391941e-01	1.925425e-04
3.767523e-01	5.626374e-01	1.925425e-04
3.767523e-01	5.860806e-01	2.066310e-04
3.767523e-01	6.095238e-01	2.019348e-04
3.767523e-01	6.329670e-01	2.254156e-04
3.767523e-01	6.564103e-01	2.160233e-04
3.767523e-01	6.798535e-01	2.348079e-04
3.767523e-01	7.032967e-01	2.066310e-04
3.767523e-01	7.267399e-01	2.629849e-04
3.767523e-01	7.501832e-01	2.442002e-04
3.767523e-01	7.736264e-01	2.911618e-04
3.767523e-01	7.970696e-01	3.287311e-04
3.767523e-01	8.205128e-01	3.616042e-04
3.767523e-01	8.439560e-01	4.038696e-04
3.767523e-01	8.673993e-01	4.273504e-04
3.767523e-01	8.908425e-01	5.306659e-04
3.767523e-01	9.142857e-01	6.292852e-04
3.767523e-01	9.377289e-01	7.372969e-04
3.767523e-01	9.611722e-01	8.312201e-04
3.767523e-01	9.846154e-01	1.061332e-03
3.767523e-01	1.008059e+00	1.178736e-03
3.767523e-01	1.031502e+00	1.455809e-03
3.767523e-01	1.054945e+00	1.751667e-03
3.767523e-01	1.078388e+00	2.136752e-03
3.767523e-01	1.101832e+00	2.681507e-03
3.767523e-01	1.125275e+00	3.334273e-03
3.767523e-01	1.148718e+00	4.142012e-03
3.767523e-01	1.172161e+00	5.222128e-03
3.767523e-01	1.195604e+00	6.508876e-03
3.767523e-01	1.219048e+00	8.157227e-03
3.767523e-01	1.242491e+00	1.035973e-02
3.767523e-01	1.265934e+00	1.305062e-02
3.767523e-01	1.289377e+00	1.211139e-02
3.767523e-01	1.312821e+00	1.923077e-02
3.767523e-01	1.336264e+00	1.923077e-02
3.767523e-01	1.359707e+00	1.923077e-02
3.767523e-01	1.383150e+00	1.923077e-02
3.767523e-01	1.406593e+00	1.923077e-02
3.767523e-01	1.430037e+00	1.923077e-02
3.767523e-01	1.453480e+00	1.923077e-02
3.767523e-01	1.476923e+00	1.923077e-02
3.767523e-01	1.500366e+00	1.923077e-02
3.767523e-01	1.523810e+00	1.923077e-02
3.767523e-01	1.547253e+00	1.923077e-02
3.767523e-01	1.570696e+00	1.923077e-02
3.767523e-01	1.594139e+00	1.923077e-02
3.767523e-01	1.617582e+00	1.923077e-02
3.767523e-01	1.641026e+00	1.923077e-02
3.767523e-01	1.664469e+00	1.923077e-02
3.767523e-01	1.687912e+00	1.923077e-02
3.767523e-01	1.711355e+00	1.923077e-02
3.767523e-01	1.734799e+00	1.923077e-02
3.767523e-01	1.758242e+00	1.923077e-02
3.767523e-01	1.781685e+00	1.923077e-02
3.767523e-01	1.805128e+00	1.923077e-02
3.767523e-01	1.828571e+00	1.923077e-02
3.767523e-01	1.852015e+00	1.923077e-02
3.767523e-01	1.875458e+00	1.923077e-02
3.767523e-01	1.898901e+00	1.923077e-02
3.767523e-01	1.922344e+00	1.923077e-02
3.767523e-01	1.945788e+00	1.923077e-02
3.767523e-01	1.969231e+00	1.923077e-02
3.767523e-01	1.992674e+00	1.923077e-02
3.767523e-01	2.016117e+00	1.923077e-02
3.767523e-01	2.039560e+00	1.923077e-02
3.767523e-01	2.063004e+00	1.923077e-02
3.767523e-01	2.086447e+00	1.923077e-02
3.767523e-01	2.109890e+00	1.923077e-02
3.767523e-01	2.133333e+00	1.923077e-02
3.767523e-01	2.156777e+00	1.923077e-02
3.767523e-01	2.180220e+00	1.923077e-02
3.767523e-01	2.203663e+00	1.923077e-02
3.767523e-01	2.227106e+00	1.923077e-02
3.767523e-01	2.250549e+00	1.923077e-02
3.767523e-01	2.273993e+00	1.923077e-02
3.767523e-01	2.297436e+00	1.923077e-02
3.767523e-01	2.320879e+00	1.923077e-02
3.767523e-01	2.344322e+00	1.923077e-02
3.767523e-01	2.367766e+00	1.923077e-02
3.767523e-01	2.391209e+00	1.923077e-02
3.767523e-01	2.414652e+00	1.923077e-02
3.767523e-01	2.438095e+00	1.923077e-02
3.767523e-01	2.461538e+00	1.923077e-02
3.767523e-01	2.484982e+00	1.923077e-02
3.767523e-01	2.508425e+00	1.923077e-02
3.767523e-01	2.531868e+00	1.923077e-02
3.767523e-01	2.555311e+00	1.923077e-02
3.767523e-01	2.578755e+00	1.923077e-02
3.767523e-01	2.602198e+00	1.923077e-02
3.767523e-01	2.625641e+00	1.923077e-02
3.767523e-01	2.649084e+00	1.923077e-02
3.767523e-01	2.672527e+00	1.923077e-02
3.767523e-01	2.695971e+00	1.923077e-02
3.767523e-01	2.719414e+00	1.923077e-02
3.767523e-01	2.742857e+00	1.923077e-02
3.767523e-01	2.766300e+00	1.923077e-02
3.767523e-01	2.789744e+00	1.923077e-02
3.767523e-01	2.813187e+00	1.923077e-02
3.767523e-01	2.836630e+00	1.923077e-02
3.767523e-01	2.860073e+00	1.923077e-02
3.767523e-01	2.883516e+00	1.923077e-02
3.767523e-01	2.906960e+00	1.923077e-02
3.767523e-01	2.930403e+00	1.923077e-02
3.767523e-01	2.953846e+00	1.923077e-02


5.651285e-01	0.000000e+00	1.653048e-03
5.651285e-01	2.344322e-02	2.052221e-03
5.651285e-01	4.688645e-02	2.254156e-03
5.651285e-01	7.032967e-02	2.291725e-03
5.651285e-01	9.377289e-02	2.249460e-03
5.651285e-01	1.172161e-01	2.160233e-03
5.651285e-01	1.406593e-01	1.967690e-03
5.651285e-01	1.641026e-01	1.742275e-03
5.651285e-01	1.875458e-01	1.483986e-03
5.651285e-01	2.109890e-01	1.225697e-03
5.651285e-01	2.344322e-01	9.768010e-04
5.651285e-01	2.578755e-01	7.513854e-04
5.651285e-01	2.813187e-01	6.198929e-04
5.651285e-01	3.047619e-01	4.696159e-04
5.651285e-01	3.282051e-01	3.803888e-04
5.651285e-01	3.516484e-01	3.005541e-04
5.651285e-01	3.750916e-01	2.817695e-04
5.651285e-01	3.985348e-01	2.535926e-04
5.651285e-01	4.219780e-01	2.488964e-04
5.651285e-01	4.454212e-01	2.254156e-04
5.651285e-01	4.688645e-01	2.113271e-04
5.651285e-01	4.923077e-01	1.972387e-04
5.651285e-01	5.157509e-01	1.878463e-04
5.651285e-01	5.391941e-01	1.925425e-04
5.651285e-01	5.626374e-01	2.019348e-04
5.651285e-01	5.860806e-01	1.925425e-04
5.651285e-01	6.095238e-01	1.972387e-04
5.651285e-01	6.329670e-01	2.348079e-04
5.651285e-01	6.564103e-01	2.160233e-04
5.651285e-01	6.798535e-01	2.254156e-04
5.651285e-01	7.032967e-01	2.535926e-04
5.651285e-01	7.267399e-01	3.052503e-04
5.651285e-01	7.501832e-01	2.770734e-04
5.651285e-01	7.736264e-01	3.005541e-04
5.651285e-01	7.970696e-01	2.911618e-04
5.651285e-01	8.205128e-01	3.569080e-04
5.651285e-01	8.439560e-01	4.320466e-04
5.651285e-01	8.673993e-01	4.602235e-04
5.651285e-01	8.908425e-01	5.306659e-04
5.651285e-01	9.142857e-01	6.151968e-04
5.651285e-01	9.377289e-01	7.279046e-04
5.651285e-01	9.611722e-01	8.687893e-04
5.651285e-01	9.846154e-01	1.000282e-03
5.651285e-01	1.008059e+00	1.216305e-03
5.651285e-01	1.031502e+00	1.460505e-03
5.651285e-01	1.054945e+00	1.761059e-03
5.651285e-01	1.078388e+00	2.160233e-03
5.651285e-01	1.101832e+00	2.681507e-03
5.651285e-01	1.125275e+00	3.329576e-03
5.651285e-01	1.148718e+00	4.151404e-03
5.651285e-01	1.172161e+00	5.255001e-03
5.651285e-01	1.195604e+00	6.555837e-03
5.651285e-01	1.219048e+00	8.237062e-03
5.651285e-01	1.242491e+00	1.043956e-02
5.651285e-01	1.265934e+00	1.316803e-02
5.651285e-01	1.289377e+00	1.923077e-02
5.651285e-01	1.312821e+00	1.923077e-02
5.651285e-01	1.336264e+00	1.923077e-02
5.651285e-01	1.359707e+00	1.923077e-02
5.651285e-01	1.383150e+00	1.923077e-02
5.651285e-01	1.406593e+00	1.923077e-02
5.651285e-01	1.430037e+00	1.923077e-02
5.651285e-01	1.453480e+00	1.923077e-02
5.651285e-01	1.476923e+00	1.923077e-02
5.651285e-01	1.500366e+00	1.923077e-02
5.651285e-01	1.523810e+00	1.923077e-02
5.651285e-01	1.547253e+00	1.923077e-02
5.651285e-01	1.570696e+00	1.923077e-02
5.651285e-01	1.594139e+00	1.923077e-02
5.651285e-01	1.617582e+00	1.923077e-02
5.651285e-01	1.641026e+00	1.923077e-02
5.651285e-01	1.664469e+00	1.923077e-02
5.651285e-01	1.687912e+00	1.923077e-02
5.651285e-01	1.711355e+00	1.923077e-02
5.651285e-01	1.734799e+00	1.923077e-02
5.651285e-01	1.758242e+00	1.923077e-02
5.651285e-01	1.781685e+00	1.923077e-02
5.651285e-01	1.805128e+00	1.923077e-02
5.651285e-01	1.828571e+00	1.923077e-02
5.651285e-01	1.852015e+00	1.923077e-02
5.651285e-01	1.875458e+00	1.923077e-02
5.651285e-01	1.898901e+00	1.923077e-02
5.651285e-01	1.922344e+00	1.923077e-02
5.651285e-01	1.945788e+00	1.923077e-02
5.651285e-01	1.969231e+00	1.923077e-02
5.651285e-01	1.992674e+00	1.923077e-02
5.651285e-01	2.016117e+00	1.923077e-02
5.651285e-01	2.039560e+00	1.923077e-02
5.651285e-01	2.063004e+00	1.923077e-02
5.651285e-01	2.086447e+00	1.923077e-02
5.651285e-01	2.109890e+00	1.923077e-02
5.651285e-01	2.133333e+00	1.923077e-02
5.651285e-01	2.156777e+00	1.923077e-02
5.651285e-01	2.180220e+00	1.923077e-02
5.651285e-01	2.203663e+00	1.923077e-02
5.651285e-01	2.227106e+00	1.923077e-02
5.651285e-01	2.250549e+00	1.923077e-02
5.651285e-01	2.273993e+00	1.923077e-02
5.651285e-01	2.297436e+00	1.923077e-02
5.651285e-01	2.320879e+00	1.923077e-02
5.651285e-01	2.344322e+00	1.923077e-02
5.651285e-01	2.367766e+00	1.923077e-02
5.651285e-01	2.391209e+00	1.923077e-02
5.651285e-01	2.414652e+00	1.923077e-02
5.651285e-01	2.438095e+00	1.923077e-02
5.651285e-01	2.461538e+00	1.923077e-02
5.651285e-01	2.484982e+00	1.923077e-02
5.651285e-01	2.508425e+00	1.923077e-02
5.651285e-01	2.531868e+00	1.923077e-02
5.651285e-01	2.555311e+00	1.923077e-02
5.651285e-01	2.578755e+00	1.923077e-02
5.651285e-01	2.602198e+00	1.923077e-02
5.651285e-01	2.625641e+00	1.923077e-02
5.651285e-01	2.649084e+00	1.923077e-02
5.651285e-01	2.672527e+00	1.923077e-02
5.651285e-01	2.695971e+00	1.923077e-02
5.651285e-01	2.719414e+00	1.923077e-02
5.651285e-01	2.742857e+00	1.923077e-02
5.651285e-01	2.766300e+00	1.923077e-02
5.651285e-01	2.789744e+00	1.923077e-02
5.651285e-01	2.813187e+00	1.923077e-02
5.651285e-01	2.836630e+00	1.923077e-02
5.651285e-01	2.860073e+00	1.923077e-02
5.651285e-01	2.883516e+00	1.923077e-02
5.651285e-01	2.906960e+00	1.923077e-02
5.651285e-01	2.930403e+00	1.923077e-02
5.651285e-01	2.953846e+00	1.923077e-02


7.535047e-01	0.000000e+00	1.667136e-03
7.535047e-01	2.344322e-02	2.061614e-03
7.535047e-01	4.688645e-02	2.272941e-03
7.535047e-01	7.032967e-02	2.310510e-03
7.535047e-01	9.377289e-02	2.263548e-03
7.535047e-01	1.172161e-01	2.146144e-03
7.535047e-01	1.406593e-01	1.944210e-03
7.535047e-01	1.641026e-01	1.732883e-03
7.535047e-01	1.875458e-01	1.488682e-03
7.535047e-01	2.109890e-01	1.221001e-03
7.535047e-01	2.344322e-01	9.814971e-04
7.535047e-01	2.578755e-01	7.560815e-04
7.535047e-01	2.813187e-01	5.870198e-04
7.535047e-01	3.047619e-01	4.837043e-04
7.535047e-01	3.282051e-01	3.944773e-04
7.535047e-01	3.516484e-01	3.193388e-04
7.535047e-01	3.750916e-01	2.723772e-04
7.535047e-01	3.985348e-01	2.395041e-04
7.535047e-01	4.219780e-01	2.207195e-04
7.535047e-01	4.454212e-01	2.113271e-04
7.535047e-01	4.688645e-01	2.019348e-04
7.535047e-01	4.923077e-01	1.925425e-04
7.535047e-01	5.157509e-01	1.878463e-04
7.535047e-01	5.391941e-01	1.925425e-04
7.535047e-01	5.626374e-01	2.019348e-04
7.535047e-01	5.860806e-01	1.925425e-04
7.535047e-01	6.095238e-01	2.113271e-04
7.535047e-01	6.329670e-01	2.254156e-04
7.535047e-01	6.564103e-01	2.348079e-04
7.535047e-01	6.798535e-01	2.160233e-04
7.535047e-01	7.032967e-01	2.066310e-04
7.535047e-01	7.267399e-01	2.535926e-04
7.535047e-01	7.501832e-01	2.629849e-04
7.535047e-01	7.736264e-01	3.052503e-04
7.535047e-01	7.970696e-01	3.287311e-04
7.535047e-01	8.205128e-01	3.756927e-04
7.535047e-01	8.439560e-01	4.085658e-04
7.535047e-01	8.673993e-01	4.602235e-04
7.535047e-01	8.908425e-01	5.353621e-04
7.535047e-01	9.142857e-01	6.386776e-04
7.535047e-01	9.377289e-01	7.372969e-04
7.535047e-01	9.611722e-01	8.500047e-04
7.535047e-01	9.846154e-01	1.004978e-03
7.535047e-01	1.008059e+00	1.202217e-03
7.535047e-01	1.031502e+00	1.441721e-03
7.535047e-01	1.054945e+00	1.779844e-03
7.535047e-01	1.078388e+00	2.169625e-03
7.535047e-01	1.101832e+00	2.714380e-03
7.535047e-01	1.125275e+00	3.301399e-03
7.535047e-01	1.148718e+00	4.188973e-03
7.535047e-01	1.172161e+00	5.269090e-03
7.535047e-01	1.195604e+00	6.593407e-03
7.535047e-01	1.219048e+00	8.302808e-03
7.535047e-01	1.242491e+00	1.048652e-02
7.535047e-01	1.265934e+00	1.328074e-02
7.535047e-01	1.289377e+00	1.777966e-02
7.535047e-01	1.312821e+00	1.839955e-02
7.535047e-01	1.336264e+00	1.923077e-02
7.535047e-01	1.359707e+00	1.923077e-02
7.535047e-01	1.383150e+00	1.923077e-02
7.535047e-01	1.406593e+00	1.923077e-02
7.535047e-01	1.430037e+00	1.923077e-02
7.535047e-01	1.453480e+00	1.923077e-02
7.535047e-01	1.476923e+00	1.923077e-02
7.535047e-01	1.500366e+00	1.923077e-02
7.535047e-01	1.523810e+00	1.923077e-02
7.535047e-01	1.547253e+00	1.923077e-02
7.535047e-01	1.570696e+00	1.923077e-02
7.535047e-01	1.594139e+00	1.923077e-02
7.535047e-01	1.617582e+00	1.923077e-02
7.535047e-01	1.641026e+00	1.923077e-02
7.535047e-01	1.664469e+00	1.923077e-02
7.535047e-01	1.687912e+00	1.923077e-02
7.535047e-01	1.711355e+00	1.923077e-02
7.535047e-01	1.734799e+00	1.923077e-02
7.535047e-01	1.758242e+00	1.923077e-02
7.535047e-01	1.781685e+00	1.923077e-02
7.535047e-01	1.805128e+00	1.923077e-02
7.535047e-01	1.828571e+00	1.923077e-02
7.535047e-01	1.852015e+00	1.923077e-02
7.535047e-01	1.875458e+00	1.923077e-02
7.535047e-01	1.898901e+00	1.923077e-02
7.535047e-01	1.922344e+00	1.923077e-02
7.535047e-01	1.945788e+00	1.923077e-02
7.535047e-01	1.969231e+00	1.923077e-02
7.535047e-01	1.992674e+00	1.923077e-02
7.535047e-01	2.016117e+00	1.923077e-02
7.535047e-01	2.039560e+00	1.923077e-02
7.535047e-01	2.063004e+00	1.923077e-02
7.535047e-01	2.086447e+00	1.923077e-02
7.535047e-01	2.109890e+00	1.923077e-02
7.535047e-01	2.133333e+00	1.923077e-02
7.535047e-01	2.156777e+00	1.923077e-02
7.535047e-01	2.180220e+00	1.923077e-02
7.535047e-01	2.203663e+00	1.923077e-02
7.535047e-01	2.227106e+00	1.923077e-02
7.535047e-01	2.250549e+00	1.923077e-02
7.535047e-01	2.273993e+00	1.923077e-02
7.535047e-01	2.297436e+00	1.923077e-02
7.535047e-01	2.320879e+00	1.923077e-02
7.535047e-01	2.344322e+00	1.923077e-02
7.535047e-01	2.367766e+00	1.923077e-02
7.535047e-01	2.391209e+00	1.923077e-02
7.535047e-01	2.414652e+00	1.923077e-02
7.535047e-01	2.438095e+00	1.923077e-02
7.535047e-01	2.461538e+00	1.923077e-02
7.535047e-01	2.484982e+00	1.923077e-02
7.535047e-01	2.508425e+00	1.923077e-02
7.535047e-01	2.531868e+00	1.923077e-02
7.535047e-01	2.555311e+00	1.923077e-02
7.535047e-01	2.578755e+00	1.923077e-02
7.535047e-01	2.602198e+00	1.923077e-02
7.535047e-01	2.625641e+00	1.923077e-02
7.535047e-01	2.649084e+00	1.923077e-02
7.535047e-01	2.672527e+00	1.923077e-02
7.535047e-01	2.695971e+00	1.923077e-02
7.535047e-01	2.719414e+00	1.923077e-02
7.535047e-01	2.742857e+00	1.923077e-02
7.535047e-01	2.766300e+00	1.923077e-02
7.535047e-01	2.789744e+00	1.923077e-02
7.535047e-01	2.813187e+00	1.923077e-02
7.535047e-01	2.836630e+00	1.923077e-02
7.535047e-01	2.860073e+00	1.923077e-02
7.535047e-01	2.883516e+00	1.923077e-02
7.535047e-01	2.906960e+00	1.923077e-02
7.535047e-01	2.930403e+00	1.923077e-02
7.535047e-01	2.953846e+00	1.923077e-02


9.418808e-01	0.000000e+00	1.653048e-03
9.418808e-01	2.344322e-02	2.056917e-03
9.418808e-01	4.688645e-02	2.263548e-03
9.418808e-01	7.032967e-02	2.301118e-03
9.418808e-01	9.377289e-02	2.258852e-03
9.418808e-01	1.172161e-01	2.146144e-03
9.418808e-01	1.406593e-01	1.991171e-03
9.418808e-01	1.641026e-01	1.751667e-03
9.418808e-01	1.875458e-01	1.493378e-03
9.418808e-01	2.109890e-01	1.244482e-03
9.418808e-01	2.344322e-01	1.000282e-03
9.418808e-01	2.578755e-01	7.748662e-04
9.418808e-01	2.813187e-01	6.105006e-04
9.418808e-01	3.047619e-01	4.696159e-04
9.418808e-01	3.282051e-01	3.803888e-04
9.418808e-01	3.516484e-01	3.193388e-04
9.418808e-01	3.750916e-01	2.817695e-04
9.418808e-01	3.985348e-01	2.442002e-04
9.418808e-01	4.219780e-01	2.254156e-04
9.418808e-01	4.454212e-01	2.160233e-04
9.418808e-01	4.688645e-01	2.160233e-04
9.418808e-01	4.923077e-01	2.113271e-04
9.418808e-01	5.157509e-01	2.019348e-04
9.418808e-01	5.391941e-01	2.019348e-04
9.418808e-01	5.626374e-01	1.878463e-04
9.418808e-01	5.860806e-01	1.878463e-04
9.418808e-01	6.095238e-01	2.395041e-04
9.418808e-01	6.329670e-01	2.019348e-04
9.418808e-01	6.564103e-01	2.160233e-04
9.418808e-01	6.798535e-01	2.301118e-04
9.418808e-01	7.032967e-01	2.348079e-04
9.418808e-01	7.267399e-01	2.442002e-04
9.418808e-01	7.501832e-01	1.878463e-04
9.418808e-01	7.736264e-01	3.193388e-04
9.418808e-01	7.970696e-01	3.428196e-04
9.418808e-01	8.205128e-01	3.897812e-04
9.418808e-01	8.439560e-01	4.132620e-04
9.418808e-01	8.673993e-01	4.602235e-04
9.418808e-01	8.908425e-01	5.165774e-04
9.418808e-01	9.142857e-01	6.198929e-04
9.418808e-01	9.377289e-01	7.232084e-04
9.418808e-01	9.611722e-01	8.547009e-04
9.418808e-01	9.846154e-01	1.051940e-03
9.418808e-01	1.008059e+00	1.216305e-03
9.418808e-01	1.031502e+00	1.502771e-03
9.418808e-01	1.054945e+00	1.789236e-03
9.418808e-01	1.078388e+00	2.188410e-03
9.418808e-01	1.101832e+00	2.733164e-03
9.418808e-01	1.125275e+00	3.376538e-03
9.418808e-01	1.148718e+00	4.207758e-03
9.418808e-01	1.172161e+00	5.273786e-03
9.418808e-01	1.195604e+00	6.588710e-03
9.418808e-01	1.219048e+00	8.293416e-03
9.418808e-01	1.242491e+00	1.045835e-02
9.418808e-01	1.265934e+00	1.324317e-02
9.418808e-01	1.289377e+00	1.744623e-02
9.418808e-01	1.312821e+00	1.923077e-02
9.418808e-01	1.336264e+00	1.923077e-02
9.418808e-01	1.359707e+00	1.923077e-02
9.418808e-01	1.383150e+00	1.923077e-02
9.418808e-01	1.406593e+00	1.923077e-02
9.418808e-01	1.430037e+00	1.923077e-02
9.418808e-01	1.453480e+00	1.923077e-02
9.418808e-01	1.476923e+00	1.923077e-02
9.418808e-01	1.500366e+00	1.923077e-02
9.418808e-01	1.523810e+00	1.923077e-02
9.418808e-01	1.547253e+00	1.923077e-02
9.418808e-01	1.570696e+00	1.923077e-02
9.418808e-01	1.594139e+00	1.923077e-02
9.418808e-01	1.617582e+00	1.923077e-02
9.418808e-01	1.641026e+00	1.923077e-02
9.418808e-01	1.664469e+00	1.923077e-02
9.418808e-01	1.687912e+00	1.923077e-02
9.418808e-01	1.711355e+00	1.923077e-02
9.418808e-01	1.734799e+00	1.923077e-02
9.418808e-01	1.758242e+00	1.923077e-02
9.418808e-01	1.781685e+00	1.923077e-02
9.418808e-01	1.805128e+00	1.923077e-02
9.418808e-01	1.828571e+00	1.923077e-02
9.418808e-01	1.852015e+00	1.923077e-02
9.418808e-01	1.875458e+00	1.923077e-02
9.418808e-01	1.898901e+00	1.923077e-02
9.418808e-01	1.922344e+00	1.923077e-02
9.418808e-01	1.945788e+00	1.923077e-02
9.418808e-01	1.969231e+00	1.923077e-02
9.418808e-01	1.992674e+00	1.923077e-02
9.418808e-01	2.016117e+00	1.923077e-02
9.418808e-01	2.039560e+00	1.923077e-02
9.418808e-01	2.063004e+00	1.923077e-02
9.418808e-01	2.086447e+00	1.923077e-02
9.418808e-01	2.109890e+00	1.923077e-02
9.418808e-01	2.133333e+00	1.923077e-02
9.418808e-01	2.156777e+00	1.923077e-02
9.418808e-01	2.180220e+00	1.923077e-02
9.418808e-01	2.203663e+00	1.923077e-02
9.418808e-01	2.227106e+00	1.923077e-02
9.418808e-01	2.250549e+00	1.923077e-02
9.418808e-01	2.273993e+00	1.923077e-02
9.418808e-01	2.297436e+00	1.923077e-02
9.418808e-01	2.320879e+00	1.923077e-02
9.418808e-01	2.344322e+00	1.923077e-02
9.418808e-01	2.367766e+00	1.923077e-02
9.418808e-01	2.391209e+00	1.923077e-02
9.418808e-01	2.414652e+00	1.923077e-02
9.418808e-01	2.438095e+00	1.923077e-02
9.418808e-01	2.461538e+00	1.923077e-02
9.418808e-01	2.484982e+00	1.923077e-02
9.418808e-01	2.508425e+00	1.923077e-02
9.418808e-01	2.531868e+00	1.923077e-02
9.418808e-01	2.555311e+00	1.923077e-02
9.418808e-01	2.578755e+00	1.923077e-02
9.418808e-01	2.602198e+00	1.923077e-02
9.418808e-01	2.625641e+00	1.923077e-02
9.418808e-01	2.649084e+00	1.923077e-02
9.418808e-01	2.672527e+00	1.923077e-02
9.418808e-01	2.695971e+00	1.923077e-02
9.418808e-01	2.719414e+00	1.923077e-02
9.418808e-01	2.742857e+00	1.923077e-02
9.418808e-01	2.766300e+00	1.923077e-02
9.418808e-01	2.789744e+00	1.923077e-02
9.418808e-01	2.813187e+00	1.923077e-02
9.418808e-01	2.836630e+00	1.923077e-02
9.418808e-01	2.860073e+00	1.923077e-02
9.418808e-01	2.883516e+00	1.923077e-02
9.418808e-01	2.906960e+00	1.923077e-02
9.418808e-01	2.930403e+00	1.923077e-02
9.418808e-01	2.953846e+00	1.923077e-02


1.130257e+00	0.000000e+00	1.653048e-03
1.130257e+00	2.344322e-02	2.052221e-03
1.130257e+00	4.688645e-02	2.216587e-03
1.130257e+00	7.032967e-02	2.301118e-03
1.130257e+00	9.377289e-02	2.268245e-03
1.130257e+00	1.172161e-01	2.146144e-03
1.130257e+00	1.406593e-01	1.981779e-03
1.130257e+00	1.641026e-01	1.737579e-03
1.130257e+00	1.875458e-01	1.488682e-03
1.130257e+00	2.109890e-01	1.225697e-03
1.130257e+00	2.344322e-01	9.814971e-04
1.130257e+00	2.578755e-01	7.701700e-04
1.130257e+00	2.813187e-01	6.011083e-04
1.130257e+00	3.047619e-01	4.743120e-04
1.130257e+00	3.282051e-01	3.897812e-04
1.130257e+00	3.516484e-01	3.287311e-04
1.130257e+00	3.750916e-01	3.005541e-04
1.130257e+00	3.985348e-01	2.160233e-04
1.130257e+00	4.219780e-01	2.395041e-04
1.130257e+00	4.454212e-01	1.972387e-04
1.130257e+00	4.688645e-01	1.878463e-04
1.130257e+00	4.923077e-01	1.925425e-04
1.130257e+00	5.157509e-01	1.314924e-04
1.130257e+00	5.391941e-01	1.925425e-04
1.130257e+00	5.626374e-01	2.019348e-04
1.130257e+00	5.860806e-01	1.972387e-04
1.130257e+00	6.095238e-01	2.348079e-04
1.130257e+00	6.329670e-01	2.160233e-04
1.130257e+00	6.564103e-01	2.160233e-04
1.130257e+00	6.798535e-01	2.348079e-04
1.130257e+00	7.032967e-01	2.207195e-04
1.130257e+00	7.267399e-01	2.582887e-04
1.130257e+00	7.501832e-01	2.723772e-04
1.130257e+00	7.736264e-01	3.005541e-04
1.130257e+00	7.970696e-01	3.287311e-04
1.130257e+00	8.205128e-01	3.850850e-04
1.130257e+00	8.439560e-01	3.897812e-04
1.130257e+00	8.673993e-01	4.790082e-04
1.130257e+00	8.908425e-01	5.541467e-04
1.130257e+00	9.142857e-01	6.433737e-04
1.130257e+00	9.377289e-01	7.326007e-04
1.130257e+00	9.611722e-01	8.640932e-04
1.130257e+00	9.846154e-01	1.033155e-03
1.130257e+00	1.008059e+00	1.239786e-03
1.130257e+00	1.031502e+00	1.469898e-03
1.130257e+00	1.054945e+00	1.803325e-03
1.130257e+00	1.078388e+00	2.202498e-03
1.130257e+00	1.101832e+00	2.751949e-03
1.130257e+00	1.125275e+00	3.400019e-03
1.130257e+00	1.148718e+00	4.231239e-03
1.130257e+00	1.172161e+00	5.316051e-03
1.130257e+00	1.195604e+00	6.640368e-03
1.130257e+00	1.219048e+00	8.373251e-03
1.130257e+00	1.242491e+00	1.053818e-02
1.130257e+00	1.265934e+00	1.329013e-02
1.130257e+00	1.289377e+00	1.796281e-02
1.130257e+00	1.312821e+00	1.923077e-02
1.130257e+00	1.336264e+00	1.923077e-02
1.130257e+00	1.359707e+00	1.923077e-02
1.130257e+00	1.383150e+00	1.923077e-02
1.130257e+00	1.406593e+00	1.923077e-02
1.130257e+00	1.430037e+00	1.923077e-02
1.130257e+00	1.453480e+00	1.923077e-02
1.130257e+00	1.476923e+00	1.923077e-02
1.130257e+00	1.500366e+00	1.923077e-02
1.130257e+00	1.523810e+00	1.923077e-02
1.130257e+00	1.547253e+00	1.923077e-02
1.130257e+00	1.570696e+00	1.923077e-02
1.130257e+00	1.594139e+00	1.923077e-02
1.130257e+00	1.617582e+00	1.923077e-02
1.130257e+00	1.641026e+00	1.923077e-02
1.130257e+00	1.664469e+00	1.923077e-02
1.130257e+00	1.687912e+00	1.923077e-02
1.130257e+00	1.711355e+00	1.923077e-02
1.130257e+00	1.734799e+00	1.923077e-02
1.130257e+00	1.758242e+00	1.923077e-02
1.130257e+00	1.781685e+00	1.923077e-02
1.130257e+00	1.805128e+00	1.923077e-02
1.130257e+00	1.828571e+00	1.923077e-02
1.130257e+00	1.852015e+00	1.923077e-02
1.130257e+00	1.875458e+00	1.923077e-02
1.130257e+00	1.898901e+00	1.923077e-02
1.130257e+00	1.922344e+00	1.923077e-02
1.130257e+00	1.945788e+00	1.923077e-02
1.130257e+00	1.969231e+00	1.923077e-02
1.130257e+00	1.992674e+00	1.923077e-02
1.130257e+00	2.016117e+00	1.923077e-02
1.130257e+00	2.039560e+00	1.923077e-02
1.130257e+00	2.063004e+00	1.923077e-02
1.130257e+00	2.086447e+00	1.923077e-02
1.130257e+00	2.109890e+00	1.923077e-02
1.130257e+00	2.133333e+00	1.923077e-02
1.130257e+00	2.156777e+00	1.923077e-02
1.130257e+00	2.180220e+00	1.923077e-02
1.130257e+00	2.203663e+00	1.923077e-02
1.130257e+00	2.227106e+00	1.923077e-02
1.130257e+00	2.250549e+00	1.923077e-02
1.130257e+00	2.273993e+00	1.923077e-02
1.130257e+00	2.297436e+00	1.923077e-02
1.130257e+00	2.320879e+00	1.923077e-02
1.130257e+00	2.344322e+00	1.923077e-02
1.130257e+00	2.367766e+00	1.923077e-02
1.130257e+00	2.391209e+00	1.923077e-02
1.130257e+00	2.414652e+00	1.923077e-02
1.130257e+00	2.438095e+00	1.923077e-02
1.130257e+00	2.461538e+00	1.923077e-02
1.130257e+00	2.484982e+00	1.923077e-02
1.130257e+00	2.508425e+00	1.923077e-02
1.130257e+00	2.531868e+00	1.923077e-02
1.130257e+00	2.555311e+00	1.923077e-02
1.130257e+00	2.578755e+00	1.923077e-02
1.130257e+00	2.602198e+00	1.923077e-02
1.130257e+00	2.625641e+00	1.923077e-02
1.130257e+00	2.649084e+00	1.923077e-02
1.130257e+00	2.672527e+00	1.923077e-02
1.130257e+00	2.695971e+00	1.923077e-02
1.130257e+00	2.719414e+00	1.923077e-02
1.130257e+00	2.742857e+00	1.923077e-02
1.130257e+00	2.766300e+00	1.923077e-02
1.130257e+00	2.789744e+00	1.923077e-02
1.130257e+00	2.813187e+00	1.923077e-02
1.130257e+00	2.836630e+00	1.923077e-02
1.130257e+00	2.860073e+00	1.923077e-02
1.130257e+00	2.883516e+00	1.923077e-02
1.130257e+00	2.906960e+00	1.923077e-02
1.130257e+00	2.930403e+00	1.923077e-02
1.130257e+00	2.953846e+00	1.923077e-02


1.318633e+00	0.000000e+00	1.615479e-03
1.318633e+00	2.344322e-02	1.901944e-03
1.318633e+00	4.688645e-02	2.249460e-03
1.318633e+00	7.032967e-02	2.301118e-03
1.318633e+00	9.377289e-02	2.268245e-03
1.318633e+00	1.172161e-01	2.146144e-03
1.318633e+00	1.406593e-01	1.981779e-03
1.318633e+00	1.641026e-01	1.761059e-03
1.318633e+00	1.875458e-01	1.502771e-03
1.318633e+00	2.109890e-01	1.235090e-03
1.318633e+00	2.344322e-01	1.004978e-03
1.318633e+00	2.578755e-01	7.513854e-04
1.318633e+00	2.813187e-01	6.011083e-04
1.318633e+00	3.047619e-01	4.790082e-04
1.318633e+00	3.282051e-01	3.803888e-04
1.318633e+00	3.516484e-01	3.240349e-04
1.318633e+00	3.750916e-01	2.723772e-04
1.318633e+00	3.985348e-01	2.535926e-04
1.318633e+00	4.219780e-01	2.254156e-04
1.318633e+00	4.454212e-01	2.113271e-04
1.318633e+00	4.688645e-01	2.254156e-04
1.318633e+00	4.923077e-01	2.019348e-04
1.318633e+00	5.157509e-01	2.066310e-04
1.318633e+00	5.391941e-01	1.502771e-04
1.318633e+00	5.626374e-01	1.878463e-04
1.318633e+00	5.860806e-01	1.831502e-04
1.318633e+00	6.095238e-01	1.972387e-04
1.318633e+00	6.329670e-01	1.972387e-04
1.318633e+00	6.564103e-01	2.066310e-04
1.318633e+00	6.798535e-01	2.207195e-04
1.318633e+00	7.032967e-01	2.395041e-04
1.318633e+00	7.267399e-01	2.723772e-04
1.318633e+00	7.501832e-01	2.864657e-04
1.318633e+00	7.736264e-01	3.240349e-04
1.318633e+00	7.970696e-01	3.428196e-04
1.318633e+00	8.205128e-01	3.850850e-04
1.318633e+00	8.439560e-01	3.897812e-04
1.318633e+00	8.673993e-01	4.790082e-04
1.318633e+00	8.908425e-01	5.400582e-04
1.318633e+00	9.142857e-01	6.386776e-04
1.318633e+00	9.377289e-01	7.279046e-04
1.318633e+00	9.611722e-01	8.547009e-04
1.318633e+00	9.846154e-01	1.023763e-03
1.318633e+00	1.008059e+00	1.225697e-03
1.318633e+00	1.031502e+00	1.437025e-03
1.318633e+00	1.054945e+00	1.808021e-03
1.318633e+00	1.078388e+00	2.207195e-03
1.318633e+00	1.101832e+00	2.766037e-03
1.318633e+00	1.125275e+00	3.418803e-03
1.318633e+00	1.148718e+00	4.245327e-03
1.318633e+00	1.172161e+00	5.287875e-03
1.318633e+00	1.195604e+00	6.616887e-03
1.318633e+00	1.219048e+00	8.349770e-03
1.318633e+00	1.242491e+00	1.054757e-02
1.318633e+00	1.265934e+00	1.327134e-02
1.318633e+00	1.289377e+00	1.923077e-02
1.318633e+00	1.312821e+00	1.923077e-02
1.318633e+00	1.336264e+00	1.923077e-02
1.318633e+00	1.359707e+00	1.923077e-02
1.318633e+00	1.383150e+00	1.923077e-02
1.318633e+00	1.406593e+00	1.923077e-02
1.318633e+00	1.430037e+00	1.923077e-02
1.318633e+00	1.453480e+00	1.923077e-02
1.318633e+00	1.476923e+00	1.923077e-02
1.318633e+00	1.500366e+00	1.923077e-02
1.318633e+00	1.523810e+00	1.923077e-02
1.318633e+00	1.547253e+00	1.923077e-02
1.318633e+00	1.570696e+00	1.923077e-02
1.318633e+00	1.594139e+00	1.923077e-02
1.318633e+00	1.617582e+00	1.923077e-02
1.318633e+00	1.641026e+00	1.923077e-02
1.318633e+00	1.664469e+00	1.923077e-02
1.318633e+00	1.687912e+00	1.923077e-02
1.318633e+00	1.711355e+00	1.923077e-02
1.318633e+00	1.734799e+00	1.923077e-02
1.318633e+00	1.758242e+00	1.923077e-02
1.318633e+00	1.781685e+00	1.923077e-02
1.318633e+00	1.805128e+00	1.923077e-02
1.318633e+00	1.828571e+00	1.923077e-02
1.318633e+00	1.852015e+00	1.923077e-02
1.318633e+00	1.875458e+00	1.923077e-02
1.318633e+00	1.898901e+00	1.923077e-02
1.318633e+00	1.922344e+00	1.923077e-02
1.318633e+00	1.945788e+00	1.923077e-02
1.318633e+00	1.969231e+00	1.923077e-02
1.318633e+00	1.992674e+00	1.923077e-02
1.318633e+00	2.016117e+00	1.923077e-02
1.318633e+00	2.039560e+00	1.923077e-02
1.318633e+00	2.063004e+00	1.923077e-02
1.318633e+00	2.086447e+00	1.923077e-02
1.318633e+00	2.109890e+00	1.923077e-02
1.318633e+00	2.133333e+00	1.923077e-02
1.318633e+00	2.156777e+00	1.923077e-02
1.318633e+00	2.180220e+00	1.923077e-02
1.318633e+00	2.203663e+00	1.923077e-02
1.318633e+00	2.227106e+00	1.923077e-02
1.318633e+00	2.250549e+00	1.923077e-02
1.318633e+00	2.273993e+00	1.923077e-02
1.318633e+00	2.297436e+00	1.923077e-02
1.318633e+00	2.320879e+00	1.923077e-02
1.318633e+00	2.344322e+00	1.923077e-02
1.318633e+00	2.367766e+00	1.923077e-02
1.318633e+00	2.391209e+00	1.923077e-02
1.318633e+00	2.414652e+00	1.923077e-02
1.318633e+00	2.438095e+00	1.923077e-02
1.318633e+00	2.461538e+00	1.923077e-02
1.318633e+00	2.484982e+00	1.923077e-02
1.318633e+00	2.508425e+00	1.923077e-02
1.318633e+00	2.531868e+00	1.923077e-02
1.318633e+00	2.555311e+00	1.923077e-02
1.318633e+00	2.578755e+00	1.923077e-02
1.318633e+00	2.602198e+00	1.923077e-02
1.318633e+00	2.625641e+00	1.923077e-02
1.318633e+00	2.649084e+00	1.923077e-02
1.318633e+00	2.672527e+00	1.923077e-02
1.318633e+00	2.695971e+00	1.923077e-02
1.318633e+00	2.719414e+00	1.923077e-02
1.318633e+00	2.742857e+00	1.923077e-02
1.318633e+00	2.766300e+00	1.923077e-02
1.318633e+00	2.789744e+00	1.923077e-02
1.318633e+00	2.813187e+00	1.923077e-02
1.318633e+00	2.836630e+00	1.923077e-02
1.318633e+00	2.860073e+00	1.923077e-02
1.318633e+00	2.883516e+00	1.923077e-02
1.318633e+00	2.906960e+00	1.923077e-02
1.318633e+00	2.930403e+00	1.923077e-02
1.318633e+00	2.953846e+00	1.923077e-02


1.507009e+00	0.000000e+00	1.648352e-03
1.507009e+00	2.344322e-02	2.066310e-03
1.507009e+00	4.688645e-02	2.291725e-03
1.507009e+00	7.032967e-02	2.272941e-03
1.507009e+00	9.377289e-02	2.272941e-03
1.507009e+00	1.172161e-01	2.179018e-03
1.507009e+00	1.406593e-01	2.014652e-03
1.507009e+00	1.641026e-01	1.746971e-03
1.507009e+00	1.875458e-01	1.483986e-03
1.507009e+00	2.109890e-01	1.221001e-03
1.507009e+00	2.344322e-01	9.721048e-04
1.507009e+00	2.578755e-01	7.513854e-04
1.507009e+00	2.813187e-01	5.823237e-04
1.507009e+00	3.047619e-01	4.602235e-04
1.507009e+00	3.282051e-01	3.944773e-04
1.507009e+00	3.516484e-01	3.052503e-04
1.507009e+00	3.750916e-01	2.864657e-04
1.507009e+00	3.985348e-01	2.488964e-04
1.507009e+00	4.219780e-01	2.348079e-04
1.507009e+00	4.454212e-01	2.301118e-04
1.507009e+00	4.688645e-01	2.160233e-04
1.507009e+00	4.923077e-01	2.442002e-04
1.507009e+00	5.157509e-01	1.737579e-04
1.507009e+00	5.391941e-01	2.113271e-04
1.507009e+00	5.626374e-01	1.878463e-04
1.507009e+00	5.860806e-01	1.972387e-04
1.507009e+00	6.095238e-01	2.019348e-04
1.507009e+00	6.329670e-01	2.160233e-04
1.507009e+00	6.564103e-01	2.160233e-04
1.507009e+00	6.798535e-01	2.629849e-04
1.507009e+00	7.032967e-01	2.442002e-04
1.507009e+00	7.267399e-01	2.723772e-04
1.507009e+00	7.501832e-01	2.864657e-04
1.507009e+00	7.736264e-01	3.005541e-04
1.507009e+00	7.970696e-01	3.287311e-04
1.507009e+00	8.205128e-01	3.663004e-04
1.507009e+00	8.439560e-01	4.226543e-04
1.507009e+00	8.673993e-01	4.696159e-04
1.507009e+00	8.908425e-01	5.353621e-04
1.507009e+00	9.142857e-01	6.339814e-04
1.507009e+00	9.377289e-01	7.372969e-04
1.507009e+00	9.611722e-01	8.687893e-04
1.507009e+00	9.846154e-01	1.051940e-03
1.507009e+00	1.008059e+00	1.239786e-03
1.507009e+00	1.031502e+00	1.451113e-03
1.507009e+00	1.054945e+00	1.803325e-03
1.507009e+00	1.078388e+00	2.207195e-03
1.507009e+00	1.101832e+00	2.756645e-03
1.507009e+00	1.125275e+00	3.409411e-03
1.507009e+00	1.148718e+00	4.170189e-03
1.507009e+00	1.172161e+00	5.297267e-03
1.507009e+00	1.195604e+00	6.663849e-03
1.507009e+00	1.219048e+00	8.368555e-03
1.507009e+00	1.242491e+00	1.056166e-02
1.507009e+00	1.265934e+00	1.334648e-02
1.507009e+00	1.289377e+00	1.550202e-02
1.507009e+00	1.312821e+00	1.923077e-02
1.507009e+00	1.336264e+00	1.923077e-02
1.507009e+00	1.359707e+00	1.923077e-02
1.507009e+00	1.383150e+00	1.923077e-02
1.507009e+00	1.406593e+00	1.923077e-02
1.507009e+00	1.430037e+00	1.923077e-02
1.507009e+00	1.453480e+00	1.923077e-02
1.507009e+00	1.476923e+00	1.923077e-02
1.507009e+00	1.500366e+00	1.923077e-02
1.507009e+00	1.523810e+00	1.923077e-02
1.507009e+00	1.547253e+00	1.923077e-02
1.507009e+00	1.570696e+00	1.923077e-02
1.507009e+00	1.594139e+00	1.923077e-02
1.507009e+00	1.617582e+00	1.923077e-02
1.507009e+00	1.641026e+00	1.923077e-02
1.507009e+00	1.664469e+00	1.923077e-02
1.507009e+00	1.687912e+00	1.923077e-02
1.507009e+00	1.711355e+00	1.923077e-02
1.507009e+00	1.734799e+00	1.923077e-02
1.507009e+00	1.758242e+00	1.923077e-02
1.507009e+00	1.781685e+00	1.923077e-02
1.507009e+00	1.805128e+00	1.923077e-02
1.507009e+00	1.828571e+00	1.923077e-02
1.507009e+00	1.852015e+00	1.923077e-02
1.507009e+00	1.875458e+00	1.923077e-02
1.507009e+00	1.898901e+00	1.923077e-02
1.507009e+00	1.922344e+00	1.923077e-02
1.507009e+00	1.945788e+00	1.923077e-02
1.507009e+00	1.969231e+00	1.923077e-02
1.507009e+00	1.992674e+00	1.923077e-02
1.507009e+00	2.016117e+00	1.923077e-02
1.507009e+00	2.039560e+00	1.923077e-02
1.507009e+00	2.063004e+00	1.923077e-02
1.507009e+00	2.086447e+00	1.923077e-02
1.507009e+00	2.109890e+00	1.923077e-02
1.507009e+00	2.133333e+00	1.923077e-02
1.507009e+00	2.156777e+00	1.923077e-02
1.507009e+00	2.180220e+00	1.923077e-02
1.507009e+00	2.203663e+00	1.923077e-02
1.507009e+00	2.227106e+00	1.923077e-02
1.507009e+00	2.250549e+00	1.923077e-02
1.507009e+00	2.273993e+00	1.923077e-02
1.507009e+00	2.297436e+00	1.923077e-02
1.507009e+00	2.320879e+00	1.923077e-02
1.507009e+00	2.344322e+00	1.923077e-02
1.507009e+00	2.367766e+00	1.923077e-02
1.507009e+00	2.391209e+00	1.923077e-02
1.507009e+00	2.414652e+00	1.923077e-02
1.507009e+00	2.438095e+00	1.923077e-02
1.507009e+00	2.461538e+00	1.923077e-02
1.507009e+00	2.484982e+00	1.923077e-02
1.507009e+00	2.508425e+00	1.923077e-02
1.507009e+00	2.531868e+00	1.923077e-02
1.507009e+00	2.555311e+00	1.923077e-02
1.507009e+00	2.578755e+00	1.923077e-02
1.507009e+00	2.602198e+00	1.923077e-02
1.507009e+00	2.625641e+00	1.923077e-02
1.507009e+00	2.649084e+00	1.923077e-02
1.507009e+00	2.672527e+00	1.923077e-02
1.507009e+00	2.695971e+00	1.923077e-02
1.507009e+00	2.719414e+00	1.923077e-02
1.507009e+00	2.742857e+00	1.923077e-02
1.507009e+00	2.766300e+00	1.923077e-02
1.507009e+00	2.789744e+00	1.923077e-02
1.507009e+00	2.813187e+00	1.923077e-02
1.507009e+00	2.836630e+00	1.923077e-02
1.507009e+00	2.860073e+00	1.923077e-02
1.507009e+00	2.883516e+00	1.923077e-02
1.507009e+00	2.906960e+00	1.923077e-02
1.507009e+00	2.930403e+00	1.923077e-02
1.507009e+00	2.953846e+00	1.923077e-02


1.695386e+00	0.000000e+00	1.638959e-03
1.695386e+00	2.344322e-02	2.066310e-03
1.695386e+00	4.688645e-02	2.258852e-03
1.695386e+00	7.032967e-02	2.301118e-03
1.695386e+00	9.377289e-02	2.268245e-03
1.695386e+00	1.172161e-01	2.155537e-03
1.695386e+00	1.406593e-01	1.991171e-03
1.695386e+00	1.641026e-01	1.756363e-03
1.695386e+00	1.875458e-01	1.521555e-03
1.695386e+00	2.109890e-01	1.206913e-03
1.695386e+00	2.344322e-01	9.768010e-04
1.695386e+00	2.578755e-01	7.607777e-04
1.695386e+00	2.813187e-01	6.011083e-04
1.695386e+00	3.047619e-01	4.696159e-04
1.695386e+00	3.282051e-01	3.850850e-04
1.695386e+00	3.516484e-01	3.193388e-04
1.695386e+00	3.750916e-01	2.676810e-04
1.695386e+00	3.985348e-01	2.535926e-04
1.695386e+00	4.219780e-01	2.254156e-04
1.695386e+00	4.454212e-01	2.301118e-04
1.695386e+00	4.688645e-01	2.160233e-04
1.695386e+00	4.923077e-01	1.408848e-04
1.695386e+00	5.157509e-01	2.066310e-04
1.695386e+00	5.391941e-01	1.690617e-04
1.695386e+00	5.626374e-01	1.784540e-04
1.695386e+00	5.860806e-01	1.972387e-04
1.695386e+00	6.095238e-01	1.925425e-04
1.695386e+00	6.329670e-01	2.019348e-04
1.695386e+00	6.564103e-01	2.113271e-04
1.695386e+00	6.798535e-01	2.254156e-04
1.695386e+00	7.032967e-01	2.395041e-04
1.695386e+00	7.267399e-01	2.676810e-04
1.695386e+00	7.501832e-01	2.817695e-04
1.695386e+00	7.736264e-01	3.287311e-04
1.695386e+00	7.970696e-01	3.569080e-04
1.695386e+00	8.205128e-01	3.616042e-04
1.695386e+00	8.439560e-01	4.132620e-04
1.695386e+00	8.673993e-01	4.696159e-04
1.695386e+00	8.908425e-01	5.541467e-04
1.695386e+00	9.142857e-01	6.339814e-04
1.695386e+00	9.377289e-01	7.419930e-04
1.695386e+00	9.611722e-01	8.687893e-04
1.695386e+00	9.846154e-01	1.033155e-03
1.695386e+00	1.008059e+00	1.249178e-03
1.695386e+00	1.031502e+00	1.512163e-03
1.695386e+00	1.054945e+00	1.817413e-03
1.695386e+00	1.078388e+00	2.230675e-03
1.695386e+00	1.101832e+00	2.775430e-03
1.695386e+00	1.125275e+00	3.446980e-03
1.695386e+00	1.148718e+00	4.273504e-03
1.695386e+00	1.172161e+00	5.348925e-03
1.695386e+00	1.195604e+00	6.706114e-03
1.695386e+00	1.219048e+00	8.354466e-03
1.695386e+00	1.242491e+00	1.062271e-02
1.695386e+00	1.265934e+00	1.337936e-02
1.695386e+00	1.289377e+00	1.923077e-02
1.695386e+00	1.312821e+00	1.792524e-02
1.695386e+00	1.336264e+00	1.923077e-02
1.695386e+00	1.359707e+00	1.923077e-02
1.695386e+00	1.383150e+00	1.923077e-02
1.695386e+00	1.406593e+00	1.923077e-02
1.695386e+00	1.430037e+00	1.923077e-02
1.695386e+00	1.453480e+00	1.923077e-02
1.695386e+00	1.476923e+00	1.923077e-02
1.695386e+00	1.500366e+00	1.923077e-02
1.695386e+00	1.523810e+00	1.923077e-02
1.695386e+00	1.547253e+00	1.923077e-02
1.695386e+00	1.570696e+00	1.923077e-02
1.695386e+00	1.594139e+00	1.923077e-02
1.695386e+00	1.617582e+00	1.923077e-02
1.695386e+00	1.641026e+00	1.923077e-02
1.695386e+00	1.664469e+00	1.923077e-02
1.695386e+00	1.687912e+00	1.923077e-02
1.695386e+00	1.711355e+00	1.923077e-02
1.695386e+00	1.734799e+00	1.923077e-02
1.695386e+00	1.758242e+00	1.923077e-02
1.695386e+00	1.781685e+00	1.923077e-02
1.695386e+00	1.805128e+00	1.923077e-02
1.695386e+00	1.828571e+00	1.923077e-02
1.695386e+00	1.852015e+00	1.923077e-02
1.695386e+00	1.875458e+00	1.923077e-02
1.695386e+00	1.898901e+00	1.923077e-02
1.695386e+00	1.922344e+00	1.923077e-02
1.695386e+00	1.945788e+00	1.923077e-02
1.695386e+00	1.969231e+00	1.923077e-02
1.695386e+00	1.992674e+00	1.923077e-02
1.695386e+00	2.016117e+00	1.923077e-02
1.695386e+00	2.039560e+00	1.923077e-02
1.695386e+00	2.063004e+00	1.923077e-02
1.695386e+00	2.086447e+00	1.923077e-02
1.695386e+00	2.109890e+00	1.923077e-02
1.695386e+00	2.133333e+00	1.923077e-02
1.695386e+00	2.156777e+00	1.923077e-02
1.695386e+00	2.180220e+00	1.923077e-02
1.695386e+00	2.203663e+00	1.923077e-02
1.695386e+00	2.227106e+00	1.923077e-02
1.695386e+00	2.250549e+00	1.923077e-02
1.695386e+00	2.273993e+00	1.923077e-02
1.695386e+00	2.297436e+00	1.923077e-02
1.695386e+00	2.320879e+00	1.923077e-02
1.695386e+00	2.344322e+00	1.923077e-02
1.695386e+00	2.367766e+00	1.923077e-02
1.695386e+00	2.391209e+00	1.923077e-02
1.695386e+00	2.414652e+00	1.923077e-02
1.695386e+00	2.438095e+00	1.923077e-02
1.695386e+00	2.461538e+00	1.923077e-02
1.695386e+00	2.484982e+00	1.923077e-02
1.695386e+00	2.508425e+00	1.923077e-02
1.695386e+00	2.531868e+00	1.923077e-02
1.695386e+00	2.555311e+00	1.923077e-02
1.695386e+00	2.578755e+00	1.923077e-02
1.695386e+00	2.602198e+00	1.923077e-02
1.695386e+00	2.625641e+00	1.923077e-02
1.695386e+00	2.649084e+00	1.923077e-02
1.695386e+00	2.672527e+00	1.923077e-02
1.695386e+00	2.695971e+00	1.923077e-02
1.695386e+00	2.719414e+00	1.923077e-02
1.695386e+00	2.742857e+00	1.923077e-02
1.695386e+00	2.766300e+00	1.923077e-02
1.695386e+00	2.789744e+00	1.923077e-02
1.695386e+00	2.813187e+00	1.923077e-02
1.695386e+00	2.836630e+00	1.923077e-02
1.695386e+00	2.860073e+00	1.923077e-02
1.695386e+00	2.883516e+00	1.923077e-02
1.695386e+00	2.906960e+00	1.923077e-02
1.695386e+00	2.930403e+00	1.923077e-02
1.695386e+00	2.953846e+00	1.923077e-02


1.883762e+00	0.000000e+00	1.662440e-03
1.883762e+00	2.344322e-02	2.052221e-03
1.883762e+00	4.688645e-02	2.240068e-03
1.883762e+00	7.032967e-02	2.272941e-03
1.883762e+00	9.377289e-02	2.263548e-03
1.883762e+00	1.172161e-01	2.146144e-03
1.883762e+00	1.406593e-01	1.981779e-03
1.883762e+00	1.641026e-01	1.761059e-03
1.883762e+00	1.875458e-01	1.512163e-03
1.883762e+00	2.109890e-01	1.235090e-03
1.883762e+00	2.344322e-01	9.721048e-04
1.883762e+00	2.578755e-01	7.513854e-04
1.883762e+00	2.813187e-01	5.870198e-04
1.883762e+00	3.047619e-01	4.696159e-04
1.883762e+00	3.282051e-01	3.756927e-04
1.883762e+00	3.516484e-01	3.099465e-04
1.883762e+00	3.750916e-01	2.817695e-04
1.883762e+00	3.985348e-01	2.629849e-04
1.883762e+00	4.219780e-01	2.207195e-04
1.883762e+00	4.454212e-01	2.254156e-04
1.883762e+00	4.688645e-01	2.207195e-04
1.883762e+00	4.923077e-01	2.066310e-04
1.883762e+00	5.157509e-01	1.972387e-04
1.883762e+00	5.391941e-01	1.925425e-04
1.883762e+00	5.626374e-01	1.596694e-04
1.883762e+00	5.860806e-01	1.878463e-04
1.883762e+00	6.095238e-01	2.160233e-04
1.883762e+00	6.329670e-01	2.066310e-04
1.883762e+00	6.564103e-01	2.207195e-04
1.883762e+00	6.798535e-01	2.395041e-04
1.883762e+00	7.032967e-01	2.535926e-04
1.883762e+00	7.267399e-01	2.629849e-04
1.883762e+00	7.501832e-01	2.817695e-04
1.883762e+00	7.736264e-01	3.240349e-04
1.883762e+00	7.970696e-01	3.334273e-04
1.883762e+00	8.205128e-01	3.569080e-04
1.883762e+00	8.439560e-01	4.038696e-04
1.883762e+00	8.673993e-01	4.790082e-04
1.883762e+00	8.908425e-01	5.306659e-04
1.883762e+00	9.142857e-01	6.433737e-04
1.883762e+00	9.377289e-01	7.372969e-04
1.883762e+00	9.611722e-01	8.734855e-04
1.883762e+00	9.846154e-01	1.056636e-03
1.883762e+00	1.008059e+00	1.258570e-03
1.883762e+00	1.031502e+00	1.512163e-03
1.883762e+00	1.054945e+00	1.831502e-03
1.883762e+00	1.078388e+00	2.221283e-03
1.883762e+00	1.101832e+00	2.784822e-03
1.883762e+00	1.125275e+00	3.324880e-03
1.883762e+00	1.148718e+00	4.287593e-03
1.883762e+00	1.172161e+00	5.325444e-03
1.883762e+00	1.195604e+00	6.710811e-03
1.883762e+00	1.219048e+00	8.401428e-03
1.883762e+00	1.242491e+00	1.057105e-02
1.883762e+00	1.265934e+00	1.336527e-02
1.883762e+00	1.289377e+00	1.802386e-02
1.883762e+00	1.312821e+00	1.923077e-02
1.883762e+00	1.336264e+00	1.923077e-02
1.883762e+00	1.359707e+00	1.923077e-02
1.883762e+00	1.383150e+00	1.923077e-02
1.883762e+00	1.406593e+00	1.923077e-02
1.883762e+00	1.430037e+00	1.923077e-02
1.883762e+00	1.453480e+00	1.923077e-02
1.883762e+00	1.476923e+00	1.923077e-02
1.883762e+00	1.500366e+00	1.923077e-02
1.883762e+00	1.523810e+00	1.923077e-02
1.883762e+00	1.547253e+00	1.923077e-02
1.883762e+00	1.570696e+00	1.923077e-02
1.883762e+00	1.594139e+00	1.923077e-02
1.883762e+00	1.617582e+00	1.923077e-02
1.883762e+00	1.641026e+00	1.923077e-02
1.883762e+00	1.664469e+00	1.923077e-02
1.883762e+00	1.687912e+00	1.923077e-02
1.883762e+00	1.711355e+00	1.923077e-02
1.883762e+00	1.734799e+00	1.923077e-02
1.883762e+00	1.758242e+00	1.923077e-02
1.883762e+00	1.781685e+00	1.923077e-02
1.883762e+00	1.805128e+00	1.923077e-02
1.883762e+00	1.828571e+00	1.923077e-02
1.883762e+00	1.852015e+00	1.923077e-02
1.883762e+00	1.875458e+00	1.923077e-02
1.883762e+00	1.898901e+00	1.923077e-02
1.883762e+00	1.922344e+00	1.923077e-02
1.883762e+00	1.945788e+00	1.923077e-02
1.883762e+00	1.969231e+00	1.923077e-02
1.883762e+00	1.992674e+00	1.923077e-02
1.883762e+00	2.016117e+00	1.923077e-02
1.883762e+00	2.039560e+00	1.923077e-02
1.883762e+00	2.063004e+00	1.923077e-02
1.883762e+00	2.086447e+00	1.923077e-02
1.883762e+00	2.109890e+00	1.923077e-02
1.883762e+00	2.133333e+00	1.923077e-02
1.883762e+00	2.156777e+00	1.923077e-02
1.883762e+00	2.180220e+00	1.923077e-02
1.883762e+00	2.203663e+00	1.923077e-02
1.883762e+00	2.227106e+00	1.923077e-02
1.883762e+00	2.250549e+00	1.923077e-02
1.883762e+00	2.273993e+00	1.923077e-02
1.883762e+00	2.297436e+00	1.923077e-02
1.883762e+00	2.320879e+00	1.923077e-02
1.883762e+00	2.344322e+00	1.923077e-02
1.883762e+00	2.367766e+00	1.923077e-02
1.883762e+00	2.391209e+00	1.923077e-02
1.883762e+00	2.414652e+00	1.923077e-02
1.883762e+00	2.438095e+00	1.923077e-02
1.883762e+00	2.461538e+00	1.923077e-02
1.883762e+00	2.484982e+00	1.923077e-02
1.883762e+00	2.508425e+00	1.923077e-02
1.883762e+00	2.531868e+00	1.923077e-02
1.883762e+00	2.555311e+00	1.923077e-02
1.883762e+00	2.578755e+00	1.923077e-02
1.883762e+00	2.602198e+00	1.923077e-02
1.883762e+00	2.625641e+00	1.923077e-02
1.883762e+00	2.649084e+00	1.923077e-02
1.883762e+00	2.672527e+00	1.923077e-02
1.883762e+00	2.695971e+00	1.923077e-02
1.883762e+00	2.719414e+00	1.923077e-02
1.883762e+00	2.742857e+00	1.923077e-02
1.883762e+00	2.766300e+00	1.923077e-02
1.883762e+00	2.789744e+00	1.923077e-02
1.883762e+00	2.813187e+00	1.923077e-02
1.883762e+00	2.836630e+00	1.923077e-02
1.883762e+00	2.860073e+00	1.923077e-02
1.883762e+00	2.883516e+00	1.923077e-02
1.883762e+00	2.906960e+00	1.923077e-02
1.883762e+00	2.930403e+00	1.923077e-02
1.883762e+00	2.953846e+00	1.923077e-02


2.072138e+00	0.000000e+00	1.685921e-03
2.072138e+00	2.344322e-02	2.033437e-03
2.072138e+00	4.688645e-02	2.272941e-03
2.072138e+00	7.032967e-02	2.301118e-03
2.072138e+00	9.377289e-02	2.268245e-03
2.072138e+00	1.172161e-01	2.155537e-03
2.072138e+00	1.406593e-01	1.948906e-03
2.072138e+00	1.641026e-01	1.756363e-03
2.072138e+00	1.875458e-01	1.502771e-03
2.072138e+00	2.109890e-01	1.225697e-03
2.072138e+00	2.344322e-01	9.955856e-04
2.072138e+00	2.578755e-01	7.748662e-04
2.072138e+00	2.813187e-01	6.198929e-04
2.072138e+00	3.047619e-01	4.696159e-04
2.072138e+00	3.282051e-01	3.663004e-04
2.072138e+00	3.516484e-01	3.146426e-04
2.072138e+00	3.750916e-01	2.629849e-04
2.072138e+00	3.985348e-01	2.582887e-04
2.072138e+00	4.219780e-01	2.301118e-04
2.072138e+00	4.454212e-01	2.113271e-04
2.072138e+00	4.688645e-01	2.113271e-04
2.072138e+00	4.923077e-01	1.737579e-04
2.072138e+00	5.157509e-01	2.019348e-04
2.072138e+00	5.391941e-01	1.972387e-04
2.072138e+00	5.626374e-01	2.113271e-04
2.072138e+00	5.860806e-01	2.817695e-04
2.072138e+00	6.095238e-01	2.113271e-04
2.072138e+00	6.329670e-01	1.972387e-04
2.072138e+00	6.564103e-01	2.160233e-04
2.072138e+00	6.798535e-01	2.254156e-04
2.072138e+00	7.032967e-01	2.066310e-04
2.072138e+00	7.267399e-01	4.696159e-04
2.072138e+00	7.501832e-01	3.005541e-04
2.072138e+00	7.736264e-01	3.099465e-04
2.072138e+00	7.970696e-01	3.381234e-04
2.072138e+00	8.205128e-01	3.616042e-04
2.072138e+00	8.439560e-01	4.461351e-04
2.072138e+00	8.673993e-01	5.024890e-04
2.072138e+00	8.908425e-01	5.494505e-04
2.072138e+00	9.142857e-01	6.198929e-04
2.072138e+00	9.377289e-01	7.372969e-04
2.072138e+00	9.611722e-01	8.359162e-04
2.072138e+00	9.846154e-01	1.037851e-03
2.072138e+00	1.008059e+00	1.249178e-03
2.072138e+00	1.031502e+00	1.488682e-03
2.072138e+00	1.054945e+00	1.831502e-03
2.072138e+00	1.078388e+00	2.244764e-03
2.072138e+00	1.101832e+00	2.803607e-03
2.072138e+00	1.125275e+00	3.456373e-03
2.072138e+00	1.148718e+00	4.315770e-03
2.072138e+00	1.172161e+00	5.363013e-03
2.072138e+00	1.195604e+00	6.724899e-03
2.072138e+00	1.219048e+00	8.429605e-03
2.072138e+00	1.242491e+00	1.063210e-02
2.072138e+00	1.265934e+00	1.338875e-02
2.072138e+00	1.289377e+00	1.211609e-02
2.072138e+00	1.312821e+00	1.923077e-02
2.072138e+00	1.336264e+00	1.923077e-02
2.072138e+00	1.359707e+00	1.923077e-02
2.072138e+00	1.383150e+00	1.923077e-02
2.072138e+00	1.406593e+00	1.923077e-02
2.072138e+00	1.430037e+00	1.923077e-02
2.072138e+00	1.453480e+00	1.923077e-02
2.072138e+00	1.476923e+00	1.923077e-02
2.072138e+00	1.500366e+00	1.923077e-02
2.072138e+00	1.523810e+00	1.923077e-02
2.072138e+00	1.547253e+00	1.923077e-02
2.072138e+00	1.570696e+00	1.923077e-02
2.072138e+00	1.594139e+00	1.923077e-02
2.072138e+00	1.617582e+00	1.923077e-02
2.072138e+00	1.641026e+00	1.923077e-02
2.072138e+00	1.664469e+00	1.923077e-02
2.072138e+00	1.687912e+00	1.923077e-02
2.072138e+00	1.711355e+00	1.923077e-02
2.072138e+00	1.734799e+00	1.923077e-02
2.072138e+00	1.758242e+00	1.923077e-02
2.072138e+00	1.781685e+00	1.923077e-02
2.072138e+00	1.805128e+00	1.923077e-02
2.072138e+00	1.828571e+00	1.923077e-02
2.072138e+00	1.852015e+00	1.923077e-02
2.072138e+00	1.875458e+00	1.923077e-02
2.072138e+00	1.898901e+00	1.923077e-02
2.072138e+00	1.922344e+00	1.923077e-02
2.072138e+00	1.945788e+00	1.923077e-02
2.072138e+00	1.969231e+00	1.923077e-02
2.072138e+00	1.992674e+00	1.923077e-02
2.072138e+00	2.016117e+00	1.923077e-02
2.072138e+00	2.039560e+00	1.923077e-02
2.072138e+00	2.063004e+00	1.923077e-02
2.072138e+00	2.086447e+00	1.923077e-02
2.072138e+00	2.109890e+00	1.923077e-02
2.072138e+00	2.133333e+00	1.923077e-02
2.072138e+00	2.156777e+00	1.923077e-02
2.072138e+00	2.180220e+00	1.923077e-02
2.072138e+00	2.203663e+00	1.923077e-02
2.072138e+00	2.227106e+00	1.923077e-02
2.072138e+00	2.250549e+00	1.923077e-02
2.072138e+00	2.273993e+00	1.923077e-02
2.072138e+00	2.297436e+00	1.923077e-02
2.072138e+00	2.320879e+00	1.923077e-02
2.072138e+00	2.344322e+00	1.923077e-02
2.072138e+00	2.367766e+00	1.923077e-02
2.072138e+00	2.391209e+00	1.923077e-02
2.072138e+00	2.414652e+00	1.923077e-02
2.072138e+00	2.438095e+00	1.923077e-02
2.072138e+00	2.461538e+00	1.923077e-02
2.072138e+00	2.484982e+00	1.923077e-02
2.072138e+00	2.508425e+00	1.923077e-02
2.072138e+00	2.531868e+00	1.923077e-02
2.072138e+00	2.555311e+00	1.923077e-02
2.072138e+00	2.578755e+00	1.923077e-02
2.072138e+00	2.602198e+00	1.923077e-02
2.072138e+00	2.625641e+00	1.923077e-02
2.072138e+00	2.649084e+00	1.923077e-02
2.072138e+00	2.672527e+00	1.923077e-02
2.072138e+00	2.695971e+00	1.923077e-02
2.072138e+00	2.719414e+00	1.923077e-02
2.072138e+00	2.742857e+00	1.923077e-02
2.072138e+00	2.766300e+00	1.923077e-02
2.072138e+00	2.789744e+00	1.923077e-02
2.072138e+00	2.813187e+00	1.923077e-02
2.072138e+00	2.836630e+00	1.923077e-02
2.072138e+00	2.860073e+00	1.923077e-02
2.072138e+00	2.883516e+00	1.923077e-02
2.072138e+00	2.906960e+00	1.923077e-02
2.072138e+00	2.930403e+00	1.923077e-02
2.072138e+00	2.953846e+00	1.923077e-02


2.260514e+00	0.000000e+00	1.643655e-03
2.260514e+00	2.344322e-02	2.052221e-03
2.260514e+00	4.688645e-02	2.258852e-03
2.260514e+00	7.032967e-02	2.296422e-03
2.260514e+00	9.377289e-02	2.272941e-03
2.260514e+00	1.172161e-01	2.179018e-03
2.260514e+00	1.406593e-01	1.977083e-03
2.260514e+00	1.641026e-01	1.751667e-03
2.260514e+00	1.875458e-01	1.502771e-03
2.260514e+00	2.109890e-01	1.221001e-03
2.260514e+00	2.344322e-01	9.580163e-04
2.260514e+00	2.578755e-01	7.513854e-04
2.260514e+00	2.813187e-01	6.011083e-04
2.260514e+00	3.047619e-01	4.743120e-04
2.260514e+00	3.282051e-01	3.756927e-04
2.260514e+00	3.516484e-01	3.193388e-04
2.260514e+00	3.750916e-01	2.864657e-04
2.260514e+00	3.985348e-01	2.629849e-04
2.260514e+00	4.219780e-01	2.348079e-04
2.260514e+00	4.454212e-01	2.113271e-04
2.260514e+00	4.688645e-01	2.160233e-04
2.260514e+00	4.923077e-01	2.629849e-04
2.260514e+00	5.157509e-01	1.972387e-04
2.260514e+00	5.391941e-01	1.972387e-04
2.260514e+00	5.626374e-01	2.113271e-04
2.260514e+00	5.860806e-01	2.254156e-04
2.260514e+00	6.095238e-01	2.066310e-04
2.260514e+00	6.329670e-01	2.066310e-04
2.260514e+00	6.564103e-01	2.113271e-04
2.260514e+00	6.798535e-01	2.770734e-04
2.260514e+00	7.032967e-01	2.442002e-04
2.260514e+00	7.267399e-01	2.817695e-04
2.260514e+00	7.501832e-01	2.911618e-04
2.260514e+00	7.736264e-01	3.005541e-04
2.260514e+00	7.970696e-01	3.475157e-04
2.260514e+00	8.205128e-01	3.803888e-04
2.260514e+00	8.439560e-01	4.320466e-04
2.260514e+00	8.673993e-01	4.743120e-04
2.260514e+00	8.908425e-01	6.480699e-04
2.260514e+00	9.142857e-01	6.292852e-04
2.260514e+00	9.377289e-01	7.513854e-04
2.260514e+00	9.611722e-01	8.640932e-04
2.260514e+00	9.846154e-01	1.051940e-03
2.260514e+00	1.008059e+00	1.249178e-03
2.260514e+00	1.031502e+00	1.526252e-03
2.260514e+00	1.054945e+00	1.854983e-03
2.260514e+00	1.078388e+00	2.099183e-03
2.260514e+00	1.101832e+00	2.808303e-03
2.260514e+00	1.125275e+00	3.461069e-03
2.260514e+00	1.148718e+00	4.315770e-03
2.260514e+00	1.172161e+00	5.386494e-03
2.260514e+00	1.195604e+00	6.748380e-03
2.260514e+00	1.219048e+00	8.462478e-03
2.260514e+00	1.242491e+00	1.070255e-02
2.260514e+00	1.265934e+00	1.346389e-02
2.260514e+00	1.289377e+00	1.923077e-02
2.260514e+00	1.312821e+00	1.923077e-02
2.260514e+00	1.336264e+00	1.923077e-02
2.260514e+00	1.359707e+00	1.923077e-02
2.260514e+00	1.383150e+00	1.923077e-02
2.260514e+00	1.406593e+00	1.923077e-02
2.260514e+00	1.430037e+00	1.923077e-02
2.260514e+00	1.453480e+00	1.923077e-02
2.260514e+00	1.476923e+00	1.923077e-02
2.260514e+00	1.500366e+00	1.923077e-02
2.260514e+00	1.523810e+00	1.923077e-02
2.260514e+00	1.547253e+00	1.923077e-02
2.260514e+00	1.570696e+00	1.923077e-02
2.260514e+00	1.594139e+00	1.923077e-02
2.260514e+00	1.617582e+00	1.923077e-02
2.260514e+00	1.641026e+00	1.923077e-02
2.260514e+00	1.664469e+00	1.923077e-02
2.260514e+00	1.687912e+00	1.923077e-02
2.260514e+00	1.711355e+00	1.923077e-02
2.260514e+00	1.734799e+00	1.923077e-02
2.260514e+00	1.758242e+00	1.923077e-02
2.260514e+00	1.781685e+00	1.923077e-02
2.260514e+00	1.805128e+00	1.923077e-02
2.260514e+00	1.828571e+00	1.923077e-02
2.260514e+00	1.852015e+00	1.923077e-02
2.260514e+00	1.875458e+00	1.923077e-02
2.260514e+00	1.898901e+00	1.923077e-02
2.260514e+00	1.922344e+00	1.923077e-02
2.260514e+00	1.945788e+00	1.923077e-02
2.260514e+00	1.969231e+00	1.923077e-02
2.260514e+00	1.992674e+00	1.923077e-02
2.260514e+00	2.016117e+00	1.923077e-02
2.260514e+00	2.039560e+00	1.923077e-02
2.260514e+00	2.063004e+00	1.923077e-02
2.260514e+00	2.086447e+00	1.923077e-02
2.260514e+00	2.109890e+00	1.923077e-02
2.260514e+00	2.133333e+00	1.923077e-02
2.260514e+00	2.156777e+00	1.923077e-02
2.260514e+00	2.180220e+00	1.923077e-02
2.260514e+00	2.203663e+00	1.923077e-02
2.260514e+00	2.227106e+00	1.923077e-02
2.260514e+00	2.250549e+00	1.923077e-02
2.260514e+00	2.273993e+00	1.923077e-02
2.260514e+00	2.297436e+00	1.923077e-02
2.260514e+00	2.320879e+00	1.923077e-02
2.260514e+00	2.344322e+00	1.923077e-02
2.260514e+00	2.367766e+00	1.923077e-02
2.260514e+00	2.391209e+00	1.923077e-02
2.260514e+00	2.414652e+00	1.923077e-02
2.260514e+00	2.438095e+00	1.923077e-02
2.260514e+00	2.461538e+00	1.923077e-02
2.260514e+00	2.484982e+00	1.923077e-02
2.260514e+00	2.508425e+00	1.923077e-02
2.260514e+00	2.531868e+00	1.923077e-02
2.260514e+00	2.555311e+00	1.923077e-02
2.260514e+00	2.578755e+00	1.923077e-02
2.260514e+00	2.602198e+00	1.923077e-02
2.260514e+00	2.625641e+00	1.923077e-02
2.260514e+00	2.649084e+00	1.923077e-02
2.260514e+00	2.672527e+00	1.923077e-02
2.260514e+00	2.695971e+00	1.923077e-02
2.260514e+00	2.719414e+00	1.923077e-02
2.260514e+00	2.742857e+00	1.923077e-02
2.260514e+00	2.766300e+00	1.923077e-02
2.260514e+00	2.789744e+00	1.923077e-02
2.260514e+00	2.813187e+00	1.923077e-02
2.260514e+00	2.836630e+00	1.923077e-02
2.260514e+00	2.860073e+00	1.923077e-02
2.260514e+00	2.883516e+00	1.923077e-02
2.260514e+00	2.906960e+00	1.923077e-02
2.260514e+00	2.930403e+00	1.923077e-02
2.260514e+00	2.953846e+00	1.923077e-02


2.448890e+00	0.000000e+00	1.657744e-03
2.448890e+00	2.344322e-02	2.047525e-03
2.448890e+00	4.688645e-02	2.254156e-03
2.448890e+00	7.032967e-02	2.315206e-03
2.448890e+00	9.377289e-02	2.272941e-03
2.448890e+00	1.172161e-01	2.183714e-03
2.448890e+00	1.406593e-01	1.995867e-03
2.448890e+00	1.641026e-01	1.751667e-03
2.448890e+00	1.875458e-01	1.493378e-03
2.448890e+00	2.109890e-01	1.239786e-03
2.448890e+00	2.344322e-01	9.768010e-04
2.448890e+00	2.578755e-01	7.701700e-04
2.448890e+00	2.813187e-01	6.011083e-04
2.448890e+00	3.047619e-01	4.837043e-04
2.448890e+00	3.282051e-01	3.944773e-04
2.448890e+00	3.516484e-01	3.005541e-04
2.448890e+00	3.750916e-01	2.817695e-04
2.448890e+00	3.985348e-01	2.488964e-04
2.448890e+00	4.219780e-01	2.442002e-04
2.448890e+00	4.454212e-01	2.301118e-04
2.448890e+00	4.688645e-01	2.160233e-04
2.448890e+00	4.923077e-01	2.160233e-04
2.448890e+00	5.157509e-01	1.878463e-04
2.448890e+00	5.391941e-01	1.878463e-04
2.448890e+00	5.626374e-01	2.066310e-04
2.448890e+00	5.860806e-01	1.784540e-04
2.448890e+00	6.095238e-01	2.066310e-04
2.448890e+00	6.329670e-01	2.160233e-04
2.448890e+00	6.564103e-01	2.113271e-04
2.448890e+00	6.798535e-01	2.629849e-04
2.448890e+00	7.032967e-01	2.535926e-04
2.448890e+00	7.267399e-01	2.629849e-04
2.448890e+00	7.501832e-01	2.911618e-04
2.448890e+00	7.736264e-01	3.193388e-04
2.448890e+00	7.970696e-01	3.381234e-04
2.448890e+00	8.205128e-01	3.756927e-04
2.448890e+00	8.439560e-01	4.226543e-04
2.448890e+00	8.673993e-01	4.884005e-04
2.448890e+00	8.908425e-01	5.729313e-04
2.448890e+00	9.142857e-01	6.339814e-04
2.448890e+00	9.377289e-01	7.513854e-04
2.448890e+00	9.611722e-01	8.734855e-04
2.448890e+00	9.846154e-01	1.061332e-03
2.448890e+00	1.008059e+00	1.267963e-03
2.448890e+00	1.031502e+00	1.516859e-03
2.448890e+00	1.054945e+00	1.836198e-03
2.448890e+00	1.078388e+00	2.235371e-03
2.448890e+00	1.101832e+00	2.812999e-03
2.448890e+00	1.125275e+00	3.456373e-03
2.448890e+00	1.148718e+00	4.250023e-03
2.448890e+00	1.172161e+00	5.377102e-03
2.448890e+00	1.195604e+00	6.748380e-03
2.448890e+00	1.219048e+00	8.471870e-03
2.448890e+00	1.242491e+00	1.068846e-02
2.448890e+00	1.265934e+00	1.344980e-02
2.448890e+00	1.289377e+00	1.749319e-02
2.448890e+00	1.312821e+00	1.923077e-02
2.448890e+00	1.336264e+00	1.923077e-02
2.448890e+00	1.359707e+00	1.923077e-02
2.448890e+00	1.383150e+00	1.923077e-02
2.448890e+00	1.406593e+00	1.923077e-02
2.448890e+00	1.430037e+00	1.923077e-02
2.448890e+00	1.453480e+00	1.923077e-02
2.448890e+00	1.476923e+00	1.923077e-02
2.448890e+00	1.500366e+00	1.923077e-02
2.448890e+00	1.523810e+00	1.923077e-02
2.448890e+00	1.547253e+00	1.923077e-02
2.448890e+00	1.570696e+00	1.923077e-02
2.448890e+00	1.594139e+00	1.923077e-02
2.448890e+00	1.617582e+00	1.923077e-02
2.448890e+00	1.641026e+00	1.923077e-02
2.448890e+00	1.664469e+00	1.923077e-02
2.448890e+00	1.687912e+00	1.923077e-02
2.448890e+00	1.711355e+00	1.923077e-02
2.448890e+00	1.734799e+00	1.923077e-02
2.448890e+00	1.758242e+00	1.923077e-02
2.448890e+00	1.781685e+00	1.923077e-02
2.448890e+00	1.805128e+00	1.923077e-02
2.448890e+00	1.828571e+00	1.923077e-02
2.448890e+00	1.852015e+00	1.923077e-02
2.448890e+00	1.875458e+00	1.923077e-02
2.448890e+00	1.898901e+00	1.923077e-02
2.448890e+00	1.922344e+00	1.923077e-02
2.448890e+00	1.945788e+00	1.923077e-02
2.448890e+00	1.969231e+00	1.923077e-02
2.448890e+00	1.992674e+00	1.923077e-02
2.448890e+00	2.016117e+00	1.923077e-02
2.448890e+00	2.039560e+00	1.923077e-02
2.448890e+00	2.063004e+00	1.923077e-02
2.448890e+00	2.086447e+00	1.923077e-02
2.448890e+00	2.109890e+00	1.923077e-02
2.448890e+00	2.133333e+00	1.923077e-02
2.448890e+00	2.156777e+00	1.923077e-02
2.448890e+00	2.180220e+00	1.923077e-02
2.448890e+00	2.203663e+00	1.923077e-02
2.448890e+00	2.227106e+00	1.923077e-02
2.448890e+00	2.250549e+00	1.923077e-02
2.448890e+00	2.273993e+00	1.923077e-02
2.448890e+00	2.297436e+00	1.923077e-02
2.448890e+00	2.320879e+00	1.923077e-02
2.448890e+00	2.344322e+00	1.923077e-02
2.448890e+00	2.367766e+00	1.923077e-02
2.448890e+00	2.391209e+00	1.923077e-02
2.448890e+00	2.414652e+00	1.923077e-02
2.448890e+00	2.438095e+00	1.923077e-02
2.448890e+00	2.461538e+00	1.923077e-02
2.448890e+00	2.484982e+00	1.923077e-02
2.448890e+00	2.508425e+00	1.923077e-02
2.448890e+00	2.531868e+00	1.923077e-02
2.448890e+00	2.555311e+00	1.923077e-02
2.448890e+00	2.578755e+00	1.923077e-02
2.448890e+00	2.602198e+00	1.923077e-02
2.448890e+00	2.625641e+00	1.923077e-02
2.448890e+00	2.649084e+00	1.923077e-02
2.448890e+00	2.672527e+00	1.923077e-02
2.448890e+00	2.695971e+00	1.923077e-02
2.448890e+00	2.719414e+00	1.923077e-02
2.448890e+00	2.742857e+00	1.923077e-02
2.448890e+00	2.766300e+00	1.923077e-02
2.448890e+00	2.789744e+00	1.923077e-02
2.448890e+00	2.813187e+00	1.923077e-02
2.448890e+00	2.836630e+00	1.923077e-02
2.448890e+00	2.860073e+00	1.923077e-02
2.448890e+00	2.883516e+00	1.923077e-02
2.448890e+00	2.906960e+00	1.923077e-02
2.448890e+00	2.930403e+00	1.923077e-02
2.448890e+00	2.953846e+00	1.923077e-02


2.637266e+00	0.000000e+00	1.662440e-03
2.637266e+00	2.344322e-02	2.075702e-03
2.637266e+00	4.688645e-02	2.263548e-03
2.637266e+00	7.032967e-02	2.315206e-03
2.637266e+00	9.377289e-02	2.258852e-03
2.637266e+00	1.172161e-01	2.146144e-03
2.637266e+00	1.406593e-01	1.981779e-03
2.637266e+00	1.641026e-01	1.746971e-03
2.637266e+00	1.875458e-01	1.498075e-03
2.637266e+00	2.109890e-01	1.230394e-03
2.637266e+00	2.344322e-01	9.768010e-04
2.637266e+00	2.578755e-01	7.607777e-04
2.637266e+00	2.813187e-01	5.870198e-04
2.637266e+00	3.047619e-01	4.837043e-04
2.637266e+00	3.282051e-01	3.991735e-04
2.637266e+00	3.516484e-01	3.475157e-04
2.637266e+00	3.750916e-01	2.817695e-04
2.637266e+00	3.985348e-01	2.301118e-04
2.637266e+00	4.219780e-01	2.254156e-04
2.637266e+00	4.454212e-01	1.784540e-04
2.637266e+00	4.688645e-01	2.019348e-04
2.637266e+00	4.923077e-01	1.972387e-04
2.637266e+00	5.157509e-01	1.690617e-04
2.637266e+00	5.391941e-01	2.160233e-04
2.637266e+00	5.626374e-01	1.972387e-04
2.637266e+00	5.860806e-01	1.972387e-04
2.637266e+00	6.095238e-01	2.160233e-04
2.637266e+00	6.329670e-01	2.207195e-04
2.637266e+00	6.564103e-01	2.301118e-04
2.637266e+00	6.798535e-01	2.160233e-04
2.637266e+00	7.032967e-01	2.348079e-04
2.637266e+00	7.267399e-01	2.535926e-04
2.637266e+00	7.501832e-01	2.864657e-04
2.637266e+00	7.736264e-01	3.005541e-04
2.637266e+00	7.970696e-01	3.475157e-04
2.637266e+00	8.205128e-01	3.850850e-04
2.637266e+00	8.439560e-01	4.367427e-04
2.637266e+00	8.673993e-01	4.884005e-04
2.637266e+00	8.908425e-01	5.635390e-04
2.637266e+00	9.142857e-01	6.574622e-04
2.637266e+00	9.377289e-01	7.607777e-04
2.637266e+00	9.611722e-01	9.016624e-04
2.637266e+00	9.846154e-01	1.037851e-03
2.637266e+00	1.008059e+00	1.239786e-03
2.637266e+00	1.031502e+00	1.521555e-03
2.637266e+00	1.054945e+00	1.845590e-03
2.637266e+00	1.078388e+00	2.277637e-03
2.637266e+00	1.101832e+00	2.817695e-03
2.637266e+00	1.125275e+00	3.461069e-03
2.637266e+00	1.148718e+00	4.334554e-03
2.637266e+00	1.172161e+00	5.395886e-03
2.637266e+00	1.195604e+00	6.809430e-03
2.637266e+00	1.219048e+00	8.462478e-03
2.637266e+00	1.242491e+00	1.069785e-02
2.637266e+00	1.265934e+00	1.350615e-02
2.637266e+00	1.289377e+00	1.923077e-02
2.637266e+00	1.312821e+00	1.923077e-02
2.637266e+00	1.336264e+00	1.923077e-02
2.637266e+00	1.359707e+00	1.923077e-02
2.637266e+00	1.383150e+00	1.923077e-02
2.637266e+00	1.406593e+00	1.923077e-02
2.637266e+00	1.430037e+00	1.923077e-02
2.637266e+00	1.453480e+00	1.923077e-02
2.637266e+00	1.476923e+00	1.923077e-02
2.637266e+00	1.500366e+00	1.923077e-02
2.637266e+00	1.523810e+00	1.923077e-02
2.637266e+00	1.547253e+00	1.923077e-02
2.637266e+00	1.570696e+00	1.923077e-02
2.637266e+00	1.594139e+00	1.923077e-02
2.637266e+00	1.617582e+00	1.923077e-02
2.637266e+00	1.641026e+00	1.923077e-02
2.637266e+00	1.664469e+00	1.923077e-02
2.637266e+00	1.687912e+00	1.923077e-02
2.637266e+00	1.711355e+00	1.923077e-02
2.637266e+00	1.734799e+00	1.923077e-02
2.637266e+00	1.758242e+00	1.923077e-02
2.637266e+00	1.781685e+00	1.923077e-02
2.637266e+00	1.805128e+00	1.923077e-02
2.637266e+00	1.828571e+00	1.923077e-02
2.637266e+00	1.852015e+00	1.923077e-02
2.637266e+00	1.875458e+00	1.923077e-02
2.637266e+00	1.898901e+00	1.923077e-02
2.637266e+00	1.922344e+00	1.923077e-02
2.637266e+00	1.945788e+00	1.923077e-02
2.637266e+00	1.969231e+00	1.923077e-02
2.637266e+00	1.992674e+00	1.923077e-02
2.637266e+00	2.016117e+00	1.923077e-02
2.637266e+00	2.039560e+00	1.923077e-02
2.637266e+00	2.063004e+00	1.923077e-02
2.637266e+00	2.086447e+00	1.923077e-02
2.637266e+00	2.109890e+00	1.923077e-02
2.637266e+00	2.133333e+00	1.923077e-02
2.637266e+00	2.156777e+00	1.923077e-02
2.637266e+00	2.180220e+00	1.923077e-02
2.637266e+00	2.203663e+00	1.923077e-02
2.637266e+00	2.227106e+00	1.923077e-02
2.637266e+00	2.250549e+00	1.923077e-02
2.637266e+00	2.273993e+00	1.923077e-02
2.637266e+00	2.297436e+00	1.923077e-02
2.637266e+00	2.320879e+00	1.923077e-02
2.637266e+00	2.344322e+00	1.923077e-02
2.637266e+00	2.367766e+00	1.923077e-02
2.637266e+00	2.391209e+00	1.923077e-02
2.637266e+00	2.414652e+00	1.923077e-02
2.637266e+00	2.438095e+00	1.923077e-02
2.637266e+00	2.461538e+00	1.923077e-02
2.637266e+00	2.484982e+00	1.923077e-02
2.637266e+00	2.508425e+00	1.923077e-02
2.637266e+00	2.531868e+00	1.923077e-02
2.637266e+00	2.555311e+00	1.923077e-02
2.637266e+00	2.578755e+00	1.923077e-02
2.637266e+00	2.602198e+00	1.923077e-02
2.637266e+00	2.625641e+00	1.923077e-02
2.637266e+00	2.649084e+00	1.923077e-02
2.637266e+00	2.672527e+00	1.923077e-02
2.637266e+00	2.695971e+00	1.923077e-02
2.637266e+00	2.719414e+00	1.923077e-02
2.637266e+00	2.742857e+00	1.923077e-02
2.637266e+00	2.766300e+00	1.923077e-02
2.637266e+00	2.789744e+00	1.923077e-02
2.637266e+00	2.813187e+00	1.923077e-02
2.637266e+00	2.836630e+00	1.923077e-02
2.637266e+00	2.860073e+00	1.923077e-02
2.637266e+00	2.883516e+00	1.923077e-02
2.637266e+00	2.906960e+00	1.923077e-02
2.637266e+00	2.930403e+00	1.923077e-02
2.637266e+00	2.953846e+00	1.923077e-02


2.825643e+00	0.000000e+00	1.653048e-03
2.825643e+00	2.344322e-02	2.066310e-03
2.825643e+00	4.688645e-02	2.258852e-03
2.825643e+00	7.032967e-02	2.319902e-03
2.825643e+00	9.377289e-02	2.287029e-03
2.825643e+00	1.172161e-01	2.169625e-03
2.825643e+00	1.406593e-01	1.977083e-03
2.825643e+00	1.641026e-01	1.779844e-03
2.825643e+00	1.875458e-01	1.502771e-03
2.825643e+00	2.109890e-01	1.267963e-03
2.825643e+00	2.344322e-01	9.768010e-04
2.825643e+00	2.578755e-01	7.701700e-04
2.825643e+00	2.813187e-01	5.870198e-04
2.825643e+00	3.047619e-01	4.743120e-04
2.825643e+00	3.282051e-01	4.085658e-04
2.825643e+00	3.516484e-01	3.381234e-04
2.825643e+00	3.750916e-01	3.005541e-04
2.825643e+00	3.985348e-01	2.535926e-04
2.825643e+00	4.219780e-01	2.160233e-04
2.825643e+00	4.454212e-01	2.207195e-04
2.825643e+00	4.688645e-01	2.066310e-04
2.825643e+00	4.923077e-01	1.690617e-04
2.825643e+00	5.157509e-01	1.878463e-04
2.825643e+00	5.391941e-01	1.972387e-04
2.825643e+00	5.626374e-01	1.972387e-04
2.825643e+00	5.860806e-01	1.878463e-04
2.825643e+00	6.095238e-01	2.019348e-04
2.825643e+00	6.329670e-01	2.160233e-04
2.825643e+00	6.564103e-01	2.301118e-04
2.825643e+00	6.798535e-01	2.348079e-04
2.825643e+00	7.032967e-01	2.348079e-04
2.825643e+00	7.267399e-01	2.442002e-04
2.825643e+00	7.501832e-01	2.770734e-04
2.825643e+00	7.736264e-01	3.005541e-04
2.825643e+00	7.970696e-01	3.381234e-04
2.825643e+00	8.205128e-01	4.132620e-04
2.825643e+00	8.439560e-01	4.179581e-04
2.825643e+00	8.673993e-01	6.011083e-04
2.825643e+00	8.908425e-01	5.494505e-04
2.825643e+00	9.142857e-01	6.433737e-04
2.825643e+00	9.377289e-01	7.607777e-04
2.825643e+00	9.611722e-01	9.110548e-04
2.825643e+00	9.846154e-01	1.103597e-03
2.825643e+00	1.008059e+00	1.272659e-03
2.825643e+00	1.031502e+00	1.465201e-03
2.825643e+00	1.054945e+00	1.836198e-03
2.825643e+00	1.078388e+00	2.249460e-03
2.825643e+00	1.101832e+00	2.827087e-03
2.825643e+00	1.125275e+00	3.489246e-03
2.825643e+00	1.148718e+00	4.339250e-03
2.825643e+00	1.172161e+00	5.424063e-03
2.825643e+00	1.195604e+00	6.800038e-03
2.825643e+00	1.219048e+00	8.542312e-03
2.825643e+00	1.242491e+00	1.078708e-02
2.825643e+00	1.265934e+00	1.354372e-02
2.825643e+00	1.289377e+00	1.923077e-02
2.825643e+00	1.312821e+00	1.923077e-02
2.825643e+00	1.336264e+00	1.923077e-02
2.825643e+00	1.359707e+00	1.923077e-02
2.825643e+00	1.383150e+00	1.923077e-02
2.825643e+00	1.406593e+00	1.923077e-02
2.825643e+00	1.430037e+00	1.923077e-02
2.825643e+00	1.453480e+00	1.923077e-02
2.825643e+00	1.476923e+00	1.923077e-02
2.825643e+00	1.500366e+00	1.923077e-02
2.825643e+00	1.523810e+00	1.923077e-02
2.825643e+00	1.547253e+00	1.923077e-02
2.825643e+00	1.570696e+00	1.923077e-02
2.825643e+00	1.594139e+00	1.923077e-02
2.825643e+00	1.617582e+00	1.923077e-02
2.825643e+00	1.641026e+00	1.923077e-02
2.825643e+00	1.664469e+00	1.923077e-02
2.825643e+00	1.687912e+00	1.923077e-02
2.825643e+00	1.711355e+00	1.923077e-02
2.825643e+00	1.734799e+00	1.923077e-02
2.825643e+00	1.758242e+00	1.923077e-02
2.825643e+00	1.781685e+00	1.923077e-02
2.825643e+00	1.805128e+00	1.923077e-02
2.825643e+00	1.828571e+00	1.923077e-02
2.825643e+00	1.852015e+00	1.923077e-02
2.825643e+00	1.875458e+00	1.923077e-02
2.825643e+00	1.898901e+00	1.923077e-02
2.825643e+00	1.922344e+00	1.923077e-02
2.825643e+00	1.945788e+00	1.923077e-02
2.825643e+00	1.969231e+00	1.923077e-02
2.825643e+00	1.992674e+00	1.923077e-02
2.825643e+00	2.016117e+00	1.923077e-02
2.825643e+00	2.039560e+00	1.923077e-02
2.825643e+00	2.063004e+00	1.923077e-02
2.825643e+00	2.086447e+00	1.923077e-02
2.825643e+00	2.109890e+00	1.923077e-02
2.825643e+00	2.133333e+00	1.923077e-02
2.825643e+00	2.156777e+00	1.923077e-02
2.825643e+00	2.180220e+00	1.923077e-02
2.825643e+00	2.203663e+00	1.923077e-02
2.825643e+00	2.227106e+00	1.923077e-02
2.825643e+00	2.250549e+00	1.923077e-02
2.825643e+00	2.273993e+00	1.923077e-02
2.825643e+00	2.297436e+00	1.923077e-02
2.825643e+00	2.320879e+00	1.923077e-02
2.825643e+00	2.344322e+00	1.923077e-02
2.825643e+00	2.367766e+00	1.923077e-02
2.825643e+00	2.391209e+00	1.923077e-02
2.825643e+00	2.414652e+00	1.923077e-02
2.825643e+00	2.438095e+00	1.923077e-02
2.825643e+00	2.461538e+00	1.923077e-02
2.825643e+00	2.484982e+00	1.923077e-02
2.825643e+00	2.508425e+00	1.923077e-02
2.825643e+00	2.531868e+00	1.923077e-02
2.825643e+00	2.555311e+00	1.923077e-02
2.825643e+00	2.578755e+00	1.923077e-02
2.825643e+00	2.602198e+00	1.923077e-02
2.825643e+00	2.625641e+00	1.923077e-02
2.825643e+00	2.649084e+00	1.923077e-02
2.825643e+00	2.672527e+00	1.923077e-02
2.825643e+00	2.695971e+00	1.923077e-02
2.825643e+00	2.719414e+00	1.923077e-02
2.825643e+00	2.742857e+00	1.923077e-02
2.825643e+00	2.766300e+00	1.923077e-02
2.825643e+00	2.789744e+00	1.923077e-02
2.825643e+00	2.813187e+00	1.923077e-02
2.825643e+00	2.836630e+00	1.923077e-02
2.825643e+00	2.860073e+00	1.923077e-02
2.825643e+00	2.883516e+00	1.923077e-02
2.825643e+00	2.906960e+00	1.923077e-02
2.825643e+00	2.930403e+00	1.923077e-02
2.825643e+00	2.953846e+00	1.923077e-02


3.014019e+00	0.000000e+00	1.643655e-03
3.014019e+00	2.344322e-02	2.047525e-03
3.014019e+00	4.688645e-02	2.254156e-03
3.014019e+00	7.032967e-02	2.324598e-03
3.014019e+00	9.377289e-02	2.268245e-03
3.014019e+00	1.172161e-01	2.155537e-03
3.014019e+00	1.406593e-01	1.981779e-03
3.014019e+00	1.641026e-01	1.737579e-03
3.014019e+00	1.875458e-01	1.502771e-03
3.014019e+00	2.109890e-01	1.164647e-03
3.014019e+00	2.344322e-01	9.768010e-04
3.014019e+00	2.578755e-01	7.795623e-04
3.014019e+00	2.813187e-01	5.917160e-04
3.014019e+00	3.047619e-01	4.743120e-04
3.014019e+00	3.282051e-01	3.756927e-04
3.014019e+00	3.516484e-01	3.193388e-04
3.014019e+00	3.750916e-01	3.005541e-04
3.014019e+00	3.985348e-01	2.723772e-04
3.014019e+00	4.219780e-01	1.972387e-04
3.014019e+00	4.454212e-01	2.488964e-04
3.014019e+00	4.688645e-01	2.160233e-04
3.014019e+00	4.923077e-01	1.878463e-04
3.014019e+00	5.157509e-01	1.925425e-04
3.014019e+00	5.391941e-01	1.972387e-04
3.014019e+00	5.626374e-01	1.972387e-04
3.014019e+00	5.860806e-01	1.925425e-04
3.014019e+00	6.095238e-01	2.019348e-04
3.014019e+00	6.329670e-01	2.160233e-04
3.014019e+00	6.564103e-01	2.676810e-04
3.014019e+00	6.798535e-01	2.535926e-04
3.014019e+00	7.032967e-01	2.676810e-04
3.014019e+00	7.267399e-01	2.582887e-04
3.014019e+00	7.501832e-01	2.535926e-04
3.014019e+00	7.736264e-01	3.240349e-04
3.014019e+00	7.970696e-01	3.475157e-04
3.014019e+00	8.205128e-01	3.944773e-04
3.014019e+00	8.439560e-01	4.320466e-04
3.014019e+00	8.673993e-01	4.930966e-04
3.014019e+00	8.908425e-01	5.729313e-04
3.014019e+00	9.142857e-01	6.762468e-04
3.014019e+00	9.377289e-01	7.795623e-04
3.014019e+00	9.611722e-01	9.110548e-04
3.014019e+00	9.846154e-01	1.061332e-03
3.014019e+00	1.008059e+00	1.258570e-03
3.014019e+00	1.031502e+00	1.469898e-03
3.014019e+00	1.054945e+00	1.854983e-03
3.014019e+00	1.078388e+00	2.287029e-03
3.014019e+00	1.101832e+00	2.822391e-03
3.014019e+00	1.125275e+00	3.498638e-03
3.014019e+00	1.148718e+00	4.362731e-03
3.014019e+00	1.172161e+00	5.447544e-03
3.014019e+00	1.195604e+00	6.814126e-03
3.014019e+00	1.219048e+00	8.556401e-03
3.014019e+00	1.242491e+00	1.079177e-02
3.014019e+00	1.265934e+00	1.344980e-02
3.014019e+00	1.289377e+00	1.923077e-02
3.014019e+00	1.312821e+00	1.923077e-02
3.014019e+00	1.336264e+00	1.923077e-02
3.014019e+00	1.359707e+00	1.923077e-02
3.014019e+00	1.383150e+00	1.923077e-02
3.014019e+00	1.406593e+00	1.923077e-02
3.014019e+00	1.430037e+00	1.923077e-02
3.014019e+00	1.453480e+00	1.923077e-02
3.014019e+00	1.476923e+00	1.923077e-02
3.014019e+00	1.500366e+00	1.923077e-02
3.014019e+00	1.523810e+00	1.923077e-02
3.014019e+00	1.547253e+00	1.923077e-02
3.014019e+00	1.570696e+00	1.923077e-02
3.014019e+00	1.594139e+00	1.923077e-02
3.014019e+00	1.617582e+00	1.923077e-02
3.014019e+00	1.641026e+00	1.923077e-02
3.014019e+00	1.664469e+00	1.923077e-02
3.014019e+00	1.687912e+00	1.923077e-02
3.014019e+00	1.711355e+00	1.923077e-02
3.014019e+00	1.734799e+00	1.923077e-02
3.014019e+00	1.758242e+00	1.923077e-02
3.014019e+00	1.781685e+00	1.923077e-02
3.014019e+00	1.805128e+00	1.923077e-02
3.014019e+00	1.828571e+00	1.923077e-02
3.014019e+00	1.852015e+00	1.923077e-02
3.014019e+00	1.875458e+00	1.923077e-02
3.014019e+00	1.898901e+00	1.923077e-02
3.014019e+00	1.922344e+00	1.923077e-02
3.014019e+00	1.945788e+00	1.923077e-02
3.014019e+00	1.969231e+00	1.923077e-02
3.014019e+00	1.992674e+00	1.923077e-02
3.014019e+00	2.016117e+00	1.923077e-02
3.014019e+00	2.039560e+00	1.923077e-02
3.014019e+00	2.063004e+00	1.923077e-02
3.014019e+00	2.086447e+00	1.923077e-02
3.014019e+00	2.109890e+00	1.923077e-02
3.014019e+00	2.133333e+00	1.923077e-02
3.014019e+00	2.156777e+00	1.923077e-02
3.014019e+00	2.180220e+00	1.923077e-02
3.014019e+00	2.203663e+00	1.923077e-02
3.014019e+00	2.227106e+00	1.923077e-02
3.014019e+00	2.250549e+00	1.923077e-02
3.014019e+00	2.273993e+00	1.923077e-02
3.014019e+00	2.297436e+00	1.923077e-02
3.014019e+00	2.320879e+00	1.923077e-02
3.014019e+00	2.344322e+00	1.923077e-02
3.014019e+00	2.367766e+00	1.923077e-02
3.014019e+00	2.391209e+00	1.923077e-02
3.014019e+00	2.414652e+00	1.923077e-02
3.014019e+00	2.438095e+00	1.923077e-02
3.014019e+00	2.461538e+00	1.923077e-02
3.014019e+00	2.484982e+00	1.923077e-02
3.014019e+00	2.508425e+00	1.923077e-02
3.014019e+00	2.531868e+00	1.923077e-02
3.014019e+00	2.555311e+00	1.923077e-02
3.014019e+00	2.578755e+00	1.923077e-02
3.014019e+00	2.602198e+00	1.923077e-02
3.014019e+00	2.625641e+00	1.923077e-02
3.014019e+00	2.649084e+00	1.923077e-02
3.014019e+00	2.672527e+00	1.923077e-02
3.014019e+00	2.695971e+00	1.923077e-02
3.014019e+00	2.719414e+00	1.923077e-02
3.014019e+00	2.742857e+00	1.923077e-02
3.014019e+00	2.766300e+00	1.923077e-02
3.014019e+00	2.789744e+00	1.923077e-02
3.014019e+00	2.813187e+00	1.923077e-02
3.014019e+00	2.836630e+00	1.923077e-02
3.014019e+00	2.860073e+00	1.923077e-02
3.014019e+00	2.883516e+00	1.923077e-02
3.014019e+00	2.906960e+00	1.923077e-02
3.014019e+00	2.930403e+00	1.923077e-02
3.014019e+00	2.953846e+00	1.923077e-02


