0.000000e+00	0.000000e+00	1.502771e-04
0.000000e+00	2.344322e-02	1.972387e-04
0.000000e+00	4.688645e-02	3.334273e-04
0.000000e+00	7.032967e-02	4.132620e-04
0.000000e+00	9.377289e-02	5.400582e-04
0.000000e+00	1.172161e-01	6.668545e-04
0.000000e+00	1.406593e-01	8.030431e-04
0.000000e+00	1.641026e-01	9.580163e-04
0.000000e+00	1.875458e-01	1.094205e-03
0.000000e+00	2.109890e-01	1.225697e-03
0.000000e+00	2.344322e-01	1.371278e-03
0.000000e+00	2.578755e-01	1.498075e-03
0.000000e+00	2.813187e-01	1.643655e-03
0.000000e+00	3.047619e-01	1.756363e-03
0.000000e+00	3.282051e-01	1.878463e-03
0.000000e+00	3.516484e-01	2.005260e-03
0.000000e+00	3.750916e-01	2.132056e-03
0.000000e+00	3.985348e-01	2.291725e-03
0.000000e+00	4.219780e-01	2.376256e-03
0.000000e+00	4.454212e-01	2.507749e-03
0.000000e+00	4.688645e-01	2.592280e-03
0.000000e+00	4.923077e-01	2.723772e-03
0.000000e+00	5.157509e-01	2.841176e-03
0.000000e+00	5.391941e-01	2.939795e-03
0.000000e+00	5.626374e-01	3.066592e-03
0.000000e+00	5.860806e-01	3.179299e-03
0.000000e+00	6.095238e-01	3.259134e-03
0.000000e+00	6.329670e-01	3.385930e-03
0.000000e+00	6.564103e-01	3.489246e-03
0.000000e+00	6.798535e-01	3.616042e-03
0.000000e+00	7.032967e-01	3.709965e-03
0.000000e+00	7.267399e-01	3.832065e-03
0.000000e+00	7.501832e-01	3.911900e-03
0.000000e+00	7.736264e-01	4.024608e-03
0.000000e+00	7.970696e-01	4.151404e-03
0.000000e+00	8.205128e-01	4.235935e-03
0.000000e+00	8.439560e-01	4.306377e-03
0.000000e+00	8.673993e-01	4.390908e-03
0.000000e+00	8.908425e-01	4.489528e-03
0.000000e+00	9.142857e-01	4.621020e-03
0.000000e+00	9.377289e-01	4.700855e-03
0.000000e+00	9.611722e-01	4.794778e-03
0.000000e+00	9.846154e-01	4.860524e-03
0.000000e+00	1.008059e+00	4.982624e-03
0.000000e+00	1.031502e+00	5.053067e-03
0.000000e+00	1.054945e+00	5.165774e-03
0.000000e+00	1.078388e+00	5.217432e-03
0.000000e+00	1.101832e+00	5.316051e-03
0.000000e+00	1.125275e+00	5.414671e-03
0.000000e+00	1.148718e+00	5.489809e-03
0.000000e+00	1.172161e+00	5.593125e-03
0.000000e+00	1.195604e+00	5.672960e-03
0.000000e+00	1.219048e+00	5.757490e-03
0.000000e+00	1.242491e+00	5.832629e-03
0.000000e+00	1.265934e+00	5.907767e-03
0.000000e+00	1.289377e+00	5.992298e-03
0.000000e+00	1.312821e+00	6.100310e-03
0.000000e+00	1.336264e+00	6.170752e-03
0.000000e+00	1.359707e+00	6.241195e-03
0.000000e+00	1.383150e+00	6.288156e-03
0.000000e+00	1.406593e+00	6.372687e-03
0.000000e+00	1.430037e+00	6.452522e-03
0.000000e+00	1.453480e+00	6.537053e-03
0.000000e+00	1.476923e+00	6.574622e-03
0.000000e+00	1.500366e+00	6.701418e-03


1.883762e-01	0.000000e+00	1.972387e-04
1.883762e-01	2.344322e-02	2.864657e-04
1.883762e-01	4.688645e-02	4.038696e-04
1.883762e-01	7.032967e-02	5.259698e-04
1.883762e-01	9.377289e-02	6.058045e-04
1.883762e-01	1.172161e-01	7.748662e-04
1.883762e-01	1.406593e-01	9.016624e-04
1.883762e-01	1.641026e-01	1.023763e-03
1.883762e-01	1.875458e-01	1.169343e-03
1.883762e-01	2.109890e-01	1.282051e-03
1.883762e-01	2.344322e-01	1.404151e-03
1.883762e-01	2.578755e-01	1.526252e-03
1.883762e-01	2.813187e-01	1.624871e-03
1.883762e-01	3.047619e-01	1.765756e-03
1.883762e-01	3.282051e-01	1.869071e-03
1.883762e-01	3.516484e-01	2.005260e-03
1.883762e-01	3.750916e-01	2.103879e-03
1.883762e-01	3.985348e-01	2.225979e-03
1.883762e-01	4.219780e-01	2.319902e-03
1.883762e-01	4.454212e-01	2.446699e-03
1.883762e-01	4.688645e-01	2.554710e-03
1.883762e-01	4.923077e-01	2.695595e-03
1.883762e-01	5.157509e-01	2.756645e-03
1.883762e-01	5.391941e-01	2.874049e-03
1.883762e-01	5.626374e-01	2.977365e-03
1.883762e-01	5.860806e-01	3.094768e-03
1.883762e-01	6.095238e-01	3.174603e-03
1.883762e-01	6.329670e-01	3.306096e-03
1.883762e-01	6.564103e-01	3.376538e-03
1.883762e-01	6.798535e-01	3.475157e-03
1.883762e-01	7.032967e-01	3.583169e-03
1.883762e-01	7.267399e-01	3.667700e-03
1.883762e-01	7.501832e-01	3.813281e-03
1.883762e-01	7.736264e-01	3.855546e-03
1.883762e-01	7.970696e-01	3.949469e-03
1.883762e-01	8.205128e-01	4.076266e-03
1.883762e-01	8.439560e-01	4.160796e-03
1.883762e-01	8.673993e-01	4.240631e-03
1.883762e-01	8.908425e-01	4.339250e-03
1.883762e-01	9.142857e-01	4.428478e-03
1.883762e-01	9.377289e-01	4.489528e-03
1.883762e-01	9.611722e-01	4.592843e-03
1.883762e-01	9.846154e-01	4.667982e-03
1.883762e-01	1.008059e+00	4.738424e-03
1.883762e-01	1.031502e+00	4.846436e-03
1.883762e-01	1.054945e+00	4.902790e-03
1.883762e-01	1.078388e+00	5.015497e-03
1.883762e-01	1.101832e+00	5.071851e-03
1.883762e-01	1.125275e+00	5.175167e-03
1.883762e-01	1.148718e+00	5.231521e-03
1.883762e-01	1.172161e+00	5.301963e-03
1.883762e-01	1.195604e+00	5.409975e-03
1.883762e-01	1.219048e+00	5.471025e-03
1.883762e-01	1.242491e+00	5.555556e-03
1.883762e-01	1.265934e+00	5.616606e-03
1.883762e-01	1.289377e+00	5.696440e-03
1.883762e-01	1.312821e+00	5.776275e-03
1.883762e-01	1.336264e+00	5.846717e-03
1.883762e-01	1.359707e+00	5.912464e-03
1.883762e-01	1.383150e+00	5.987602e-03
1.883762e-01	1.406593e+00	6.043956e-03
1.883762e-01	1.430037e+00	6.109702e-03
1.883762e-01	1.453480e+00	6.156664e-03
1.883762e-01	1.476923e+00	6.264675e-03


3.767523e-01	0.000000e+00	1.784540e-04
3.767523e-01	2.344322e-02	2.723772e-04
3.767523e-01	4.688645e-02	3.522119e-04
3.767523e-01	7.032967e-02	4.837043e-04
3.767523e-01	9.377289e-02	6.011083e-04
3.767523e-01	1.172161e-01	7.372969e-04
3.767523e-01	1.406593e-01	8.312201e-04
3.767523e-01	1.641026e-01	9.861933e-04
3.767523e-01	1.875458e-01	1.089509e-03
3.767523e-01	2.109890e-01	1.211609e-03
3.767523e-01	2.344322e-01	1.319621e-03
3.767523e-01	2.578755e-01	1.427632e-03
3.767523e-01	2.813187e-01	1.521555e-03
3.767523e-01	3.047619e-01	1.638959e-03
3.767523e-01	3.282051e-01	1.765756e-03
3.767523e-01	3.516484e-01	1.897248e-03
3.767523e-01	3.750916e-01	1.967690e-03
3.767523e-01	3.985348e-01	2.094487e-03
3.767523e-01	4.219780e-01	2.193106e-03
3.767523e-01	4.454212e-01	2.296422e-03
3.767523e-01	4.688645e-01	2.404433e-03
3.767523e-01	4.923077e-01	2.498356e-03
3.767523e-01	5.157509e-01	2.596976e-03
3.767523e-01	5.391941e-01	2.695595e-03
3.767523e-01	5.626374e-01	2.789518e-03
3.767523e-01	5.860806e-01	2.902226e-03
3.767523e-01	6.095238e-01	2.982061e-03
3.767523e-01	6.329670e-01	3.085376e-03
3.767523e-01	6.564103e-01	3.179299e-03
3.767523e-01	6.798535e-01	3.282615e-03
3.767523e-01	7.032967e-01	3.348361e-03
3.767523e-01	7.267399e-01	3.461069e-03
3.767523e-01	7.501832e-01	3.512727e-03
3.767523e-01	7.736264e-01	3.620738e-03
3.767523e-01	7.970696e-01	3.709965e-03
3.767523e-01	8.205128e-01	3.789800e-03
3.767523e-01	8.439560e-01	3.907204e-03
3.767523e-01	8.673993e-01	3.982342e-03
3.767523e-01	8.908425e-01	4.066873e-03
3.767523e-01	9.142857e-01	4.123227e-03
3.767523e-01	9.377289e-01	4.212454e-03
3.767523e-01	9.611722e-01	4.292289e-03
3.767523e-01	9.846154e-01	4.362731e-03
3.767523e-01	1.008059e+00	4.461351e-03
3.767523e-01	1.031502e+00	4.513008e-03
3.767523e-01	1.054945e+00	4.574058e-03
3.767523e-01	1.078388e+00	4.672678e-03
3.767523e-01	1.101832e+00	4.761905e-03
3.767523e-01	1.125275e+00	4.827651e-03
3.767523e-01	1.148718e+00	4.879309e-03
3.767523e-01	1.172161e+00	4.977928e-03
3.767523e-01	1.195604e+00	5.034282e-03
3.767523e-01	1.219048e+00	5.109420e-03
3.767523e-01	1.242491e+00	5.203344e-03
3.767523e-01	1.265934e+00	5.226824e-03
3.767523e-01	1.289377e+00	5.311355e-03
3.767523e-01	1.312821e+00	5.391190e-03
3.767523e-01	1.336264e+00	5.456936e-03
3.767523e-01	1.359707e+00	5.527379e-03
3.767523e-01	1.383150e+00	5.569644e-03
3.767523e-01	1.406593e+00	5.644783e-03
3.767523e-01	1.430037e+00	5.701136e-03
3.767523e-01	1.453480e+00	5.762187e-03
3.767523e-01	1.476923e+00	5.827933e-03


5.651285e-01	0.000000e+00	1.455809e-04
5.651285e-01	2.344322e-02	2.629849e-04
5.651285e-01	4.688645e-02	3.381234e-04
5.651285e-01	7.032967e-02	4.508312e-04
5.651285e-01	9.377289e-02	5.541467e-04
5.651285e-01	1.172161e-01	6.809430e-04
5.651285e-01	1.406593e-01	7.983470e-04
5.651285e-01	1.641026e-01	8.828778e-04
5.651285e-01	1.875458e-01	1.009674e-03
5.651285e-01	2.109890e-01	1.150559e-03
5.651285e-01	2.344322e-01	1.221001e-03
5.651285e-01	2.578755e-01	1.366582e-03
5.651285e-01	2.813187e-01	1.441721e-03
5.651285e-01	3.047619e-01	1.563821e-03
5.651285e-01	3.282051e-01	1.629567e-03
5.651285e-01	3.516484e-01	1.775148e-03
5.651285e-01	3.750916e-01	1.840894e-03
5.651285e-01	3.985348e-01	1.944210e-03
5.651285e-01	4.219780e-01	2.038133e-03
5.651285e-01	4.454212e-01	2.155537e-03
5.651285e-01	4.688645e-01	2.240068e-03
5.651285e-01	4.923077e-01	2.324598e-03
5.651285e-01	5.157509e-01	2.432610e-03
5.651285e-01	5.391941e-01	2.550014e-03
5.651285e-01	5.626374e-01	2.611064e-03
5.651285e-01	5.860806e-01	2.733164e-03
5.651285e-01	6.095238e-01	2.803607e-03
5.651285e-01	6.329670e-01	2.883441e-03
5.651285e-01	6.564103e-01	2.972668e-03
5.651285e-01	6.798535e-01	3.061895e-03
5.651285e-01	7.032967e-01	3.146426e-03
5.651285e-01	7.267399e-01	3.235653e-03
5.651285e-01	7.501832e-01	3.320184e-03
5.651285e-01	7.736264e-01	3.367146e-03
5.651285e-01	7.970696e-01	3.446980e-03
5.651285e-01	8.205128e-01	3.545600e-03
5.651285e-01	8.439560e-01	3.611346e-03
5.651285e-01	8.673993e-01	3.686484e-03
5.651285e-01	8.908425e-01	3.766319e-03
5.651285e-01	9.142857e-01	3.869635e-03
5.651285e-01	9.377289e-01	3.968254e-03
5.651285e-01	9.611722e-01	3.996431e-03
5.651285e-01	9.846154e-01	4.099746e-03
5.651285e-01	1.008059e+00	4.165493e-03
5.651285e-01	1.031502e+00	4.207758e-03
5.651285e-01	1.054945e+00	4.292289e-03
5.651285e-01	1.078388e+00	4.362731e-03
5.651285e-01	1.101832e+00	4.437870e-03
5.651285e-01	1.125275e+00	4.480135e-03
5.651285e-01	1.148718e+00	4.574058e-03
5.651285e-01	1.172161e+00	4.649197e-03
5.651285e-01	1.195604e+00	4.691462e-03
5.651285e-01	1.219048e+00	4.771297e-03
5.651285e-01	1.242491e+00	4.799474e-03
5.651285e-01	1.265934e+00	4.916878e-03
5.651285e-01	1.289377e+00	4.949751e-03
5.651285e-01	1.312821e+00	4.987320e-03
5.651285e-01	1.336264e+00	5.109420e-03
5.651285e-01	1.359707e+00	5.114117e-03
5.651285e-01	1.383150e+00	5.217432e-03
5.651285e-01	1.406593e+00	5.269090e-03
5.651285e-01	1.430037e+00	5.320748e-03
5.651285e-01	1.453480e+00	5.353621e-03
5.651285e-01	1.476923e+00	5.447544e-03


7.535047e-01	0.000000e+00	1.596694e-04
7.535047e-01	2.344322e-02	2.348079e-04
7.535047e-01	4.688645e-02	3.005541e-04
7.535047e-01	7.032967e-02	4.414389e-04
7.535047e-01	9.377289e-02	5.400582e-04
7.535047e-01	1.172161e-01	6.621584e-04
7.535047e-01	1.406593e-01	7.326007e-04
7.535047e-01	1.641026e-01	8.500047e-04
7.535047e-01	1.875458e-01	9.486240e-04
7.535047e-01	2.109890e-01	1.066028e-03
7.535047e-01	2.344322e-01	1.164647e-03
7.535047e-01	2.578755e-01	1.272659e-03
7.535047e-01	2.813187e-01	1.343101e-03
7.535047e-01	3.047619e-01	1.465201e-03
7.535047e-01	3.282051e-01	1.563821e-03
7.535047e-01	3.516484e-01	1.643655e-03
7.535047e-01	3.750916e-01	1.728186e-03
7.535047e-01	3.985348e-01	1.850286e-03
7.535047e-01	4.219780e-01	1.906640e-03
7.535047e-01	4.454212e-01	2.014652e-03
7.535047e-01	4.688645e-01	2.094487e-03
7.535047e-01	4.923077e-01	2.169625e-03
7.535047e-01	5.157509e-01	2.272941e-03
7.535047e-01	5.391941e-01	2.348079e-03
7.535047e-01	5.626374e-01	2.432610e-03
7.535047e-01	5.860806e-01	2.517141e-03
7.535047e-01	6.095238e-01	2.606368e-03
7.535047e-01	6.329670e-01	2.676810e-03
7.535047e-01	6.564103e-01	2.756645e-03
7.535047e-01	6.798535e-01	2.841176e-03
7.535047e-01	7.032967e-01	2.930403e-03
7.535047e-01	7.267399e-01	3.005541e-03
7.535047e-01	7.501832e-01	3.075984e-03
7.535047e-01	7.736264e-01	3.160515e-03
7.535047e-01	7.970696e-01	3.249742e-03
7.535047e-01	8.205128e-01	3.306096e-03
7.535047e-01	8.439560e-01	3.381234e-03
7.535047e-01	8.673993e-01	3.470461e-03
7.535047e-01	8.908425e-01	3.512727e-03
7.535047e-01	9.142857e-01	3.601954e-03
7.535047e-01	9.377289e-01	3.620738e-03
7.535047e-01	9.611722e-01	3.724054e-03
7.535047e-01	9.846154e-01	3.803888e-03
7.535047e-01	1.008059e+00	3.846154e-03
7.535047e-01	1.031502e+00	3.921292e-03
7.535047e-01	1.054945e+00	4.005823e-03
7.535047e-01	1.078388e+00	4.052785e-03
7.535047e-01	1.101832e+00	4.118531e-03
7.535047e-01	1.125275e+00	4.184277e-03
7.535047e-01	1.148718e+00	4.250023e-03
7.535047e-01	1.172161e+00	4.315770e-03
7.535047e-01	1.195604e+00	4.358035e-03
7.535047e-01	1.219048e+00	4.428478e-03
7.535047e-01	1.242491e+00	4.531793e-03
7.535047e-01	1.265934e+00	4.503616e-03
7.535047e-01	1.289377e+00	4.602235e-03
7.535047e-01	1.312821e+00	4.672678e-03
7.535047e-01	1.336264e+00	4.710247e-03
7.535047e-01	1.359707e+00	4.766601e-03
7.535047e-01	1.383150e+00	4.813563e-03
7.535047e-01	1.406593e+00	4.884005e-03
7.535047e-01	1.430037e+00	4.926270e-03
7.535047e-01	1.453480e+00	4.973232e-03
7.535047e-01	1.476923e+00	5.010801e-03


9.418808e-01	0.000000e+00	1.502771e-04
9.418808e-01	2.344322e-02	2.254156e-04
9.418808e-01	4.688645e-02	3.099465e-04
9.418808e-01	7.032967e-02	3.991735e-04
9.418808e-01	9.377289e-02	4.602235e-04
9.418808e-01	1.172161e-01	5.823237e-04
9.418808e-01	1.406593e-01	6.621584e-04
9.418808e-01	1.641026e-01	7.748662e-04
9.418808e-01	1.875458e-01	8.734855e-04
9.418808e-01	2.109890e-01	9.674087e-04
9.418808e-01	2.344322e-01	1.056636e-03
9.418808e-01	2.578755e-01	1.188128e-03
9.418808e-01	2.813187e-01	1.277355e-03
9.418808e-01	3.047619e-01	1.343101e-03
9.418808e-01	3.282051e-01	1.446417e-03
9.418808e-01	3.516484e-01	1.516859e-03
9.418808e-01	3.750916e-01	1.606086e-03
9.418808e-01	3.985348e-01	1.671832e-03
9.418808e-01	4.219780e-01	1.779844e-03
9.418808e-01	4.454212e-01	1.864375e-03
9.418808e-01	4.688645e-01	1.911337e-03
9.418808e-01	4.923077e-01	2.061614e-03
9.418808e-01	5.157509e-01	2.108575e-03
9.418808e-01	5.391941e-01	2.179018e-03
9.418808e-01	5.626374e-01	2.272941e-03
9.418808e-01	5.860806e-01	2.324598e-03
9.418808e-01	6.095238e-01	2.432610e-03
9.418808e-01	6.329670e-01	2.507749e-03
9.418808e-01	6.564103e-01	2.592280e-03
9.418808e-01	6.798535e-01	2.639241e-03
9.418808e-01	7.032967e-01	2.695595e-03
9.418808e-01	7.267399e-01	2.803607e-03
9.418808e-01	7.501832e-01	2.850568e-03
9.418808e-01	7.736264e-01	2.935099e-03
9.418808e-01	7.970696e-01	2.996149e-03
9.418808e-01	8.205128e-01	3.057199e-03
9.418808e-01	8.439560e-01	3.122945e-03
9.418808e-01	8.673993e-01	3.202780e-03
9.418808e-01	8.908425e-01	3.263830e-03
9.418808e-01	9.142857e-01	3.334273e-03
9.418808e-01	9.377289e-01	3.381234e-03
9.418808e-01	9.611722e-01	3.470461e-03
9.418808e-01	9.846154e-01	3.493942e-03
9.418808e-01	1.008059e+00	3.564384e-03
9.418808e-01	1.031502e+00	3.644219e-03
9.418808e-01	1.054945e+00	3.719358e-03
9.418808e-01	1.078388e+00	3.742838e-03
9.418808e-01	1.101832e+00	3.803888e-03
9.418808e-01	1.125275e+00	3.921292e-03
9.418808e-01	1.148718e+00	3.925989e-03
9.418808e-01	1.172161e+00	4.001127e-03
9.418808e-01	1.195604e+00	4.019912e-03
9.418808e-01	1.219048e+00	4.095050e-03
9.418808e-01	1.242491e+00	4.137316e-03
9.418808e-01	1.265934e+00	4.170189e-03
9.418808e-01	1.289377e+00	4.273504e-03
9.418808e-01	1.312821e+00	4.292289e-03
9.418808e-01	1.336264e+00	4.348643e-03
9.418808e-01	1.359707e+00	4.390908e-03
9.418808e-01	1.383150e+00	4.442566e-03
9.418808e-01	1.406593e+00	4.489528e-03
9.418808e-01	1.430037e+00	4.517705e-03
9.418808e-01	1.453480e+00	4.611628e-03
9.418808e-01	1.476923e+00	4.785386e-03


1.130257e+00	0.000000e+00	1.174040e-04
1.130257e+00	2.344322e-02	1.972387e-04
1.130257e+00	4.688645e-02	2.817695e-04
1.130257e+00	7.032967e-02	3.569080e-04
1.130257e+00	9.377289e-02	4.649197e-04
1.130257e+00	1.172161e-01	5.588429e-04
1.130257e+00	1.406593e-01	6.480699e-04
1.130257e+00	1.641026e-01	7.279046e-04
1.130257e+00	1.875458e-01	7.936508e-04
1.130257e+00	2.109890e-01	9.251432e-04
1.130257e+00	2.344322e-01	9.955856e-04
1.130257e+00	2.578755e-01	1.084813e-03
1.130257e+00	2.813187e-01	1.159951e-03
1.130257e+00	3.047619e-01	1.277355e-03
1.130257e+00	3.282051e-01	1.314924e-03
1.130257e+00	3.516484e-01	1.427632e-03
1.130257e+00	3.750916e-01	1.502771e-03
1.130257e+00	3.985348e-01	1.582605e-03
1.130257e+00	4.219780e-01	1.671832e-03
1.130257e+00	4.454212e-01	1.723490e-03
1.130257e+00	4.688645e-01	1.808021e-03
1.130257e+00	4.923077e-01	1.883160e-03
1.130257e+00	5.157509e-01	1.934817e-03
1.130257e+00	5.391941e-01	2.056917e-03
1.130257e+00	5.626374e-01	2.080398e-03
1.130257e+00	5.860806e-01	2.155537e-03
1.130257e+00	6.095238e-01	2.258852e-03
1.130257e+00	6.329670e-01	2.319902e-03
1.130257e+00	6.564103e-01	2.371560e-03
1.130257e+00	6.798535e-01	2.460787e-03
1.130257e+00	7.032967e-01	2.531229e-03
1.130257e+00	7.267399e-01	2.601672e-03
1.130257e+00	7.501832e-01	2.653330e-03
1.130257e+00	7.736264e-01	2.728468e-03
1.130257e+00	7.970696e-01	2.766037e-03
1.130257e+00	8.205128e-01	2.845872e-03
1.130257e+00	8.439560e-01	2.859961e-03
1.130257e+00	8.673993e-01	2.967972e-03
1.130257e+00	8.908425e-01	3.014934e-03
1.130257e+00	9.142857e-01	3.061895e-03
1.130257e+00	9.377289e-01	3.127642e-03
1.130257e+00	9.611722e-01	3.169907e-03
1.130257e+00	9.846154e-01	3.263830e-03
1.130257e+00	1.008059e+00	3.282615e-03
1.130257e+00	1.031502e+00	3.334273e-03
1.130257e+00	1.054945e+00	3.385930e-03
1.130257e+00	1.078388e+00	3.432892e-03
1.130257e+00	1.101832e+00	3.536207e-03
1.130257e+00	1.125275e+00	3.569080e-03
1.130257e+00	1.148718e+00	3.592561e-03
1.130257e+00	1.172161e+00	3.663004e-03
1.130257e+00	1.195604e+00	3.714661e-03
1.130257e+00	1.219048e+00	3.771015e-03
1.130257e+00	1.242491e+00	3.808585e-03
1.130257e+00	1.265934e+00	3.841458e-03
1.130257e+00	1.289377e+00	3.916596e-03
1.130257e+00	1.312821e+00	3.944773e-03
1.130257e+00	1.336264e+00	3.996431e-03
1.130257e+00	1.359707e+00	4.038696e-03
1.130257e+00	1.383150e+00	4.066873e-03
1.130257e+00	1.406593e+00	4.118531e-03
1.130257e+00	1.430037e+00	4.137316e-03
1.130257e+00	1.453480e+00	4.193670e-03
1.130257e+00	1.476923e+00	4.221847e-03


1.318633e+00	0.000000e+00	1.361886e-04
1.318633e+00	2.344322e-02	1.878463e-04
1.318633e+00	4.688645e-02	2.442002e-04
1.318633e+00	7.032967e-02	3.475157e-04
1.318633e+00	9.377289e-02	4.226543e-04
1.318633e+00	1.172161e-01	5.071851e-04
1.318633e+00	1.406593e-01	6.105006e-04
1.318633e+00	1.641026e-01	6.621584e-04
1.318633e+00	1.875458e-01	7.232084e-04
1.318633e+00	2.109890e-01	8.687893e-04
1.318633e+00	2.344322e-01	9.157509e-04
1.318633e+00	2.578755e-01	1.014370e-03
1.318633e+00	2.813187e-01	1.094205e-03
1.318633e+00	3.047619e-01	1.159951e-03
1.318633e+00	3.282051e-01	1.249178e-03
1.318633e+00	3.516484e-01	1.300836e-03
1.318633e+00	3.750916e-01	1.380671e-03
1.318633e+00	3.985348e-01	1.474594e-03
1.318633e+00	4.219780e-01	1.540340e-03
1.318633e+00	4.454212e-01	1.582605e-03
1.318633e+00	4.688645e-01	1.690617e-03
1.318633e+00	4.923077e-01	1.765756e-03
1.318633e+00	5.157509e-01	1.789236e-03
1.318633e+00	5.391941e-01	1.878463e-03
1.318633e+00	5.626374e-01	1.953602e-03
1.318633e+00	5.860806e-01	2.009956e-03
1.318633e+00	6.095238e-01	2.089791e-03
1.318633e+00	6.329670e-01	2.089791e-03
1.318633e+00	6.564103e-01	2.169625e-03
1.318633e+00	6.798535e-01	2.263548e-03
1.318633e+00	7.032967e-01	2.305814e-03
1.318633e+00	7.267399e-01	2.362168e-03
1.318633e+00	7.501832e-01	2.465483e-03
1.318633e+00	7.736264e-01	2.484268e-03
1.318633e+00	7.970696e-01	2.521837e-03
1.318633e+00	8.205128e-01	2.629849e-03
1.318633e+00	8.439560e-01	2.653330e-03
1.318633e+00	8.673993e-01	2.723772e-03
1.318633e+00	8.908425e-01	2.761341e-03
1.318633e+00	9.142857e-01	2.822391e-03
1.318633e+00	9.377289e-01	2.897530e-03
1.318633e+00	9.611722e-01	2.911618e-03
1.318633e+00	9.846154e-01	2.991453e-03
1.318633e+00	1.008059e+00	3.014934e-03
1.318633e+00	1.031502e+00	3.075984e-03
1.318633e+00	1.054945e+00	3.137034e-03
1.318633e+00	1.078388e+00	3.183995e-03
1.318633e+00	1.101832e+00	3.235653e-03
1.318633e+00	1.125275e+00	3.259134e-03
1.318633e+00	1.148718e+00	3.301399e-03
1.318633e+00	1.172161e+00	3.367146e-03
1.318633e+00	1.195604e+00	3.404715e-03
1.318633e+00	1.219048e+00	3.404715e-03
1.318633e+00	1.242491e+00	3.465765e-03
1.318633e+00	1.265934e+00	3.503334e-03
1.318633e+00	1.289377e+00	3.559688e-03
1.318633e+00	1.312821e+00	3.592561e-03
1.318633e+00	1.336264e+00	3.648915e-03
1.318633e+00	1.359707e+00	3.667700e-03
1.318633e+00	1.383150e+00	3.709965e-03
1.318633e+00	1.406593e+00	3.752231e-03
1.318633e+00	1.430037e+00	3.785104e-03
1.318633e+00	1.453480e+00	3.803888e-03
1.318633e+00	1.476923e+00	3.836762e-03


1.507009e+00	0.000000e+00	1.174040e-04
1.507009e+00	2.344322e-02	2.160233e-04
1.507009e+00	4.688645e-02	2.348079e-04
1.507009e+00	7.032967e-02	3.005541e-04
1.507009e+00	9.377289e-02	3.803888e-04
1.507009e+00	1.172161e-01	4.884005e-04
1.507009e+00	1.406593e-01	5.400582e-04
1.507009e+00	1.641026e-01	6.433737e-04
1.507009e+00	1.875458e-01	7.232084e-04
1.507009e+00	2.109890e-01	7.936508e-04
1.507009e+00	2.344322e-01	8.453085e-04
1.507009e+00	2.578755e-01	9.486240e-04
1.507009e+00	2.813187e-01	1.014370e-03
1.507009e+00	3.047619e-01	1.075420e-03
1.507009e+00	3.282051e-01	1.127078e-03
1.507009e+00	3.516484e-01	1.225697e-03
1.507009e+00	3.750916e-01	1.263267e-03
1.507009e+00	3.985348e-01	1.329013e-03
1.507009e+00	4.219780e-01	1.437025e-03
1.507009e+00	4.454212e-01	1.460505e-03
1.507009e+00	4.688645e-01	1.535644e-03
1.507009e+00	4.923077e-01	1.615479e-03
1.507009e+00	5.157509e-01	1.643655e-03
1.507009e+00	5.391941e-01	1.728186e-03
1.507009e+00	5.626374e-01	1.714098e-03
1.507009e+00	5.860806e-01	1.845590e-03
1.507009e+00	6.095238e-01	1.925425e-03
1.507009e+00	6.329670e-01	1.934817e-03
1.507009e+00	6.564103e-01	2.005260e-03
1.507009e+00	6.798535e-01	2.066310e-03
1.507009e+00	7.032967e-01	2.132056e-03
1.507009e+00	7.267399e-01	2.188410e-03
1.507009e+00	7.501832e-01	2.216587e-03
1.507009e+00	7.736264e-01	2.272941e-03
1.507009e+00	7.970696e-01	2.329295e-03
1.507009e+00	8.205128e-01	2.376256e-03
1.507009e+00	8.439560e-01	2.442002e-03
1.507009e+00	8.673993e-01	2.460787e-03
1.507009e+00	8.908425e-01	2.517141e-03
1.507009e+00	9.142857e-01	2.592280e-03
1.507009e+00	9.377289e-01	2.582887e-03
1.507009e+00	9.611722e-01	2.653330e-03
1.507009e+00	9.846154e-01	2.733164e-03
1.507009e+00	1.008059e+00	2.784822e-03
1.507009e+00	1.031502e+00	2.794214e-03
1.507009e+00	1.054945e+00	2.845872e-03
1.507009e+00	1.078388e+00	2.911618e-03
1.507009e+00	1.101832e+00	2.925707e-03
1.507009e+00	1.125275e+00	3.014934e-03
1.507009e+00	1.148718e+00	3.033718e-03
1.507009e+00	1.172161e+00	3.052503e-03
1.507009e+00	1.195604e+00	3.099465e-03
1.507009e+00	1.219048e+00	3.118249e-03
1.507009e+00	1.242491e+00	3.151122e-03
1.507009e+00	1.265934e+00	3.174603e-03
1.507009e+00	1.289377e+00	3.207476e-03
1.507009e+00	1.312821e+00	3.254438e-03
1.507009e+00	1.336264e+00	3.296703e-03
1.507009e+00	1.359707e+00	3.320184e-03
1.507009e+00	1.383150e+00	3.353057e-03
1.507009e+00	1.406593e+00	3.371842e-03
1.507009e+00	1.430037e+00	3.414107e-03
1.507009e+00	1.453480e+00	3.451677e-03
1.507009e+00	1.476923e+00	3.489246e-03


1.695386e+00	0.000000e+00	1.127078e-04
1.695386e+00	2.344322e-02	1.878463e-04
1.695386e+00	4.688645e-02	2.160233e-04
1.695386e+00	7.032967e-02	2.864657e-04
1.695386e+00	9.377289e-02	3.522119e-04
1.695386e+00	1.172161e-01	4.273504e-04
1.695386e+00	1.406593e-01	4.930966e-04
1.695386e+00	1.641026e-01	5.870198e-04
1.695386e+00	1.875458e-01	6.621584e-04
1.695386e+00	2.109890e-01	7.279046e-04
1.695386e+00	2.344322e-01	7.748662e-04
1.695386e+00	2.578755e-01	8.687893e-04
1.695386e+00	2.813187e-01	9.063586e-04
1.695386e+00	3.047619e-01	1.014370e-03
1.695386e+00	3.282051e-01	1.037851e-03
1.695386e+00	3.516484e-01	1.108293e-03
1.695386e+00	3.750916e-01	1.178736e-03
1.695386e+00	3.985348e-01	1.230394e-03
1.695386e+00	4.219780e-01	1.314924e-03
1.695386e+00	4.454212e-01	1.333709e-03
1.695386e+00	4.688645e-01	1.413544e-03
1.695386e+00	4.923077e-01	1.469898e-03
1.695386e+00	5.157509e-01	1.535644e-03
1.695386e+00	5.391941e-01	1.596694e-03
1.695386e+00	5.626374e-01	1.615479e-03
1.695386e+00	5.860806e-01	1.695313e-03
1.695386e+00	6.095238e-01	1.737579e-03
1.695386e+00	6.329670e-01	1.784540e-03
1.695386e+00	6.564103e-01	1.831502e-03
1.695386e+00	6.798535e-01	1.869071e-03
1.695386e+00	7.032967e-01	1.934817e-03
1.695386e+00	7.267399e-01	1.962994e-03
1.695386e+00	7.501832e-01	2.038133e-03
1.695386e+00	7.736264e-01	2.089791e-03
1.695386e+00	7.970696e-01	2.099183e-03
1.695386e+00	8.205128e-01	2.160233e-03
1.695386e+00	8.439560e-01	2.179018e-03
1.695386e+00	8.673993e-01	2.225979e-03
1.695386e+00	8.908425e-01	2.305814e-03
1.695386e+00	9.142857e-01	2.324598e-03
1.695386e+00	9.377289e-01	2.380952e-03
1.695386e+00	9.611722e-01	2.390345e-03
1.695386e+00	9.846154e-01	2.460787e-03
1.695386e+00	1.008059e+00	2.474876e-03
1.695386e+00	1.031502e+00	2.517141e-03
1.695386e+00	1.054945e+00	2.559406e-03
1.695386e+00	1.078388e+00	2.611064e-03
1.695386e+00	1.101832e+00	2.658026e-03
1.695386e+00	1.125275e+00	2.667418e-03
1.695386e+00	1.148718e+00	2.690899e-03
1.695386e+00	1.172161e+00	2.742557e-03
1.695386e+00	1.195604e+00	2.733164e-03
1.695386e+00	1.219048e+00	2.808303e-03
1.695386e+00	1.242491e+00	3.014934e-03
1.695386e+00	1.265934e+00	2.855264e-03
1.695386e+00	1.289377e+00	2.878745e-03
1.695386e+00	1.312821e+00	2.906922e-03
1.695386e+00	1.336264e+00	2.953884e-03
1.695386e+00	1.359707e+00	2.991453e-03
1.695386e+00	1.383150e+00	2.991453e-03
1.695386e+00	1.406593e+00	3.033718e-03
1.695386e+00	1.430037e+00	3.057199e-03
1.695386e+00	1.453480e+00	3.075984e-03
1.695386e+00	1.476923e+00	3.094768e-03


1.883762e+00	0.000000e+00	9.392317e-05
1.883762e+00	2.344322e-02	1.690617e-04
1.883762e+00	4.688645e-02	2.395041e-04
1.883762e+00	7.032967e-02	2.723772e-04
1.883762e+00	9.377289e-02	3.522119e-04
1.883762e+00	1.172161e-01	3.897812e-04
1.883762e+00	1.406593e-01	4.367427e-04
1.883762e+00	1.641026e-01	5.353621e-04
1.883762e+00	1.875458e-01	6.011083e-04
1.883762e+00	2.109890e-01	6.856391e-04
1.883762e+00	2.344322e-01	7.232084e-04
1.883762e+00	2.578755e-01	8.171316e-04
1.883762e+00	2.813187e-01	8.265239e-04
1.883762e+00	3.047619e-01	9.063586e-04
1.883762e+00	3.282051e-01	9.533202e-04
1.883762e+00	3.516484e-01	1.033155e-03
1.883762e+00	3.750916e-01	1.061332e-03
1.883762e+00	3.985348e-01	1.136470e-03
1.883762e+00	4.219780e-01	1.169343e-03
1.883762e+00	4.454212e-01	1.206913e-03
1.883762e+00	4.688645e-01	1.291444e-03
1.883762e+00	4.923077e-01	1.333709e-03
1.883762e+00	5.157509e-01	1.371278e-03
1.883762e+00	5.391941e-01	1.418240e-03
1.883762e+00	5.626374e-01	1.465201e-03
1.883762e+00	5.860806e-01	1.526252e-03
1.883762e+00	6.095238e-01	1.587302e-03
1.883762e+00	6.329670e-01	1.606086e-03
1.883762e+00	6.564103e-01	1.662440e-03
1.883762e+00	6.798535e-01	1.695313e-03
1.883762e+00	7.032967e-01	1.742275e-03
1.883762e+00	7.267399e-01	1.765756e-03
1.883762e+00	7.501832e-01	1.803325e-03
1.883762e+00	7.736264e-01	1.859679e-03
1.883762e+00	7.970696e-01	1.887856e-03
1.883762e+00	8.205128e-01	1.944210e-03
1.883762e+00	8.439560e-01	1.953602e-03
1.883762e+00	8.673993e-01	2.000564e-03
1.883762e+00	8.908425e-01	2.047525e-03
1.883762e+00	9.142857e-01	2.099183e-03
1.883762e+00	9.377289e-01	2.141448e-03
1.883762e+00	9.611722e-01	2.146144e-03
1.883762e+00	9.846154e-01	2.207195e-03
1.883762e+00	1.008059e+00	2.216587e-03
1.883762e+00	1.031502e+00	2.263548e-03
1.883762e+00	1.054945e+00	2.301118e-03
1.883762e+00	1.078388e+00	2.305814e-03
1.883762e+00	1.101832e+00	2.352775e-03
1.883762e+00	1.125275e+00	2.343383e-03
1.883762e+00	1.148718e+00	2.404433e-03
1.883762e+00	1.172161e+00	2.418522e-03
1.883762e+00	1.195604e+00	2.432610e-03
1.883762e+00	1.219048e+00	2.484268e-03
1.883762e+00	1.242491e+00	2.512445e-03
1.883762e+00	1.265934e+00	2.535926e-03
1.883762e+00	1.289377e+00	2.545318e-03
1.883762e+00	1.312821e+00	2.587583e-03
1.883762e+00	1.336264e+00	2.606368e-03
1.883762e+00	1.359707e+00	2.629849e-03
1.883762e+00	1.383150e+00	2.643937e-03
1.883762e+00	1.406593e+00	2.648633e-03
1.883762e+00	1.430037e+00	2.676810e-03
1.883762e+00	1.453480e+00	2.704987e-03
1.883762e+00	1.476923e+00	2.704987e-03


2.072138e+00	0.000000e+00	8.453085e-05
2.072138e+00	2.344322e-02	1.221001e-04
2.072138e+00	4.688645e-02	1.831502e-04
2.072138e+00	7.032967e-02	2.582887e-04
2.072138e+00	9.377289e-02	3.005541e-04
2.072138e+00	1.172161e-01	3.616042e-04
2.072138e+00	1.406593e-01	4.508312e-04
2.072138e+00	1.641026e-01	4.743120e-04
2.072138e+00	1.875458e-01	5.494505e-04
2.072138e+00	2.109890e-01	6.011083e-04
2.072138e+00	2.344322e-01	6.480699e-04
2.072138e+00	2.578755e-01	7.138161e-04
2.072138e+00	2.813187e-01	7.326007e-04
2.072138e+00	3.047619e-01	8.218277e-04
2.072138e+00	3.282051e-01	8.312201e-04
2.072138e+00	3.516484e-01	9.204471e-04
2.072138e+00	3.750916e-01	9.580163e-04
2.072138e+00	3.985348e-01	9.768010e-04
2.072138e+00	4.219780e-01	1.042547e-03
2.072138e+00	4.454212e-01	1.080116e-03
2.072138e+00	4.688645e-01	1.159951e-03
2.072138e+00	4.923077e-01	1.169343e-03
2.072138e+00	5.157509e-01	1.211609e-03
2.072138e+00	5.391941e-01	1.282051e-03
2.072138e+00	5.626374e-01	1.305532e-03
2.072138e+00	5.860806e-01	1.357190e-03
2.072138e+00	6.095238e-01	1.375974e-03
2.072138e+00	6.329670e-01	1.441721e-03
2.072138e+00	6.564103e-01	1.488682e-03
2.072138e+00	6.798535e-01	1.507467e-03
2.072138e+00	7.032967e-01	1.535644e-03
2.072138e+00	7.267399e-01	1.582605e-03
2.072138e+00	7.501832e-01	1.606086e-03
2.072138e+00	7.736264e-01	1.662440e-03
2.072138e+00	7.970696e-01	1.671832e-03
2.072138e+00	8.205128e-01	1.732883e-03
2.072138e+00	8.439560e-01	1.732883e-03
2.072138e+00	8.673993e-01	1.798629e-03
2.072138e+00	8.908425e-01	1.826806e-03
2.072138e+00	9.142857e-01	1.854983e-03
2.072138e+00	9.377289e-01	1.869071e-03
2.072138e+00	9.611722e-01	1.901944e-03
2.072138e+00	9.846154e-01	1.911337e-03
2.072138e+00	1.008059e+00	1.934817e-03
2.072138e+00	1.031502e+00	1.986475e-03
2.072138e+00	1.054945e+00	2.019348e-03
2.072138e+00	1.078388e+00	1.991171e-03
2.072138e+00	1.101832e+00	2.038133e-03
2.072138e+00	1.125275e+00	2.038133e-03
2.072138e+00	1.148718e+00	2.127360e-03
2.072138e+00	1.172161e+00	2.103879e-03
2.072138e+00	1.195604e+00	2.136752e-03
2.072138e+00	1.219048e+00	2.150841e-03
2.072138e+00	1.242491e+00	2.197802e-03
2.072138e+00	1.265934e+00	2.188410e-03
2.072138e+00	1.289377e+00	2.244764e-03
2.072138e+00	1.312821e+00	2.216587e-03
2.072138e+00	1.336264e+00	2.244764e-03
2.072138e+00	1.359707e+00	2.272941e-03
2.072138e+00	1.383150e+00	2.319902e-03
2.072138e+00	1.406593e+00	2.301118e-03
2.072138e+00	1.430037e+00	2.315206e-03
2.072138e+00	1.453480e+00	2.338687e-03
2.072138e+00	1.476923e+00	2.348079e-03


2.260514e+00	0.000000e+00	9.861933e-05
2.260514e+00	2.344322e-02	1.221001e-04
2.260514e+00	4.688645e-02	1.737579e-04
2.260514e+00	7.032967e-02	2.113271e-04
2.260514e+00	9.377289e-02	2.817695e-04
2.260514e+00	1.172161e-01	3.287311e-04
2.260514e+00	1.406593e-01	3.616042e-04
2.260514e+00	1.641026e-01	4.226543e-04
2.260514e+00	1.875458e-01	4.790082e-04
2.260514e+00	2.109890e-01	5.071851e-04
2.260514e+00	2.344322e-01	4.367427e-04
2.260514e+00	2.578755e-01	6.198929e-04
2.260514e+00	2.813187e-01	6.574622e-04
2.260514e+00	3.047619e-01	6.997276e-04
2.260514e+00	3.282051e-01	7.560815e-04
2.260514e+00	3.516484e-01	7.842585e-04
2.260514e+00	3.750916e-01	8.453085e-04
2.260514e+00	3.985348e-01	8.734855e-04
2.260514e+00	4.219780e-01	9.110548e-04
2.260514e+00	4.454212e-01	9.908895e-04
2.260514e+00	4.688645e-01	1.004978e-03
2.260514e+00	4.923077e-01	1.033155e-03
2.260514e+00	5.157509e-01	1.089509e-03
2.260514e+00	5.391941e-01	1.112990e-03
2.260514e+00	5.626374e-01	1.141167e-03
2.260514e+00	5.860806e-01	1.202217e-03
2.260514e+00	6.095238e-01	1.188128e-03
2.260514e+00	6.329670e-01	1.258570e-03
2.260514e+00	6.564103e-01	1.267963e-03
2.260514e+00	6.798535e-01	1.314924e-03
2.260514e+00	7.032967e-01	1.371278e-03
2.260514e+00	7.267399e-01	1.390063e-03
2.260514e+00	7.501832e-01	1.422936e-03
2.260514e+00	7.736264e-01	1.408848e-03
2.260514e+00	7.970696e-01	1.441721e-03
2.260514e+00	8.205128e-01	1.479290e-03
2.260514e+00	8.439560e-01	1.483986e-03
2.260514e+00	8.673993e-01	1.526252e-03
2.260514e+00	8.908425e-01	1.530948e-03
2.260514e+00	9.142857e-01	1.596694e-03
2.260514e+00	9.377289e-01	1.582605e-03
2.260514e+00	9.611722e-01	1.681225e-03
2.260514e+00	9.846154e-01	1.662440e-03
2.260514e+00	1.008059e+00	1.676529e-03
2.260514e+00	1.031502e+00	1.685921e-03
2.260514e+00	1.054945e+00	1.700009e-03
2.260514e+00	1.078388e+00	1.728186e-03
2.260514e+00	1.101832e+00	1.765756e-03
2.260514e+00	1.125275e+00	1.746971e-03
2.260514e+00	1.148718e+00	1.798629e-03
2.260514e+00	1.172161e+00	1.812717e-03
2.260514e+00	1.195604e+00	1.812717e-03
2.260514e+00	1.219048e+00	1.850286e-03
2.260514e+00	1.242491e+00	1.840894e-03
2.260514e+00	1.265934e+00	1.887856e-03
2.260514e+00	1.289377e+00	1.878463e-03
2.260514e+00	1.312821e+00	1.887856e-03
2.260514e+00	1.336264e+00	1.911337e-03
2.260514e+00	1.359707e+00	1.901944e-03
2.260514e+00	1.383150e+00	1.916033e-03
2.260514e+00	1.406593e+00	1.920729e-03
2.260514e+00	1.430037e+00	1.981779e-03
2.260514e+00	1.453480e+00	1.981779e-03
2.260514e+00	1.476923e+00	1.962994e-03


2.448890e+00	0.000000e+00	8.453085e-05
2.448890e+00	2.344322e-02	9.392317e-05
2.448890e+00	4.688645e-02	1.502771e-04
2.448890e+00	7.032967e-02	1.925425e-04
2.448890e+00	9.377289e-02	2.442002e-04
2.448890e+00	1.172161e-01	2.864657e-04
2.448890e+00	1.406593e-01	3.381234e-04
2.448890e+00	1.641026e-01	3.663004e-04
2.448890e+00	1.875458e-01	4.273504e-04
2.448890e+00	2.109890e-01	4.555274e-04
2.448890e+00	2.344322e-01	4.930966e-04
2.448890e+00	2.578755e-01	5.447544e-04
2.448890e+00	2.813187e-01	5.776275e-04
2.448890e+00	3.047619e-01	5.917160e-04
2.448890e+00	3.282051e-01	6.574622e-04
2.448890e+00	3.516484e-01	7.138161e-04
2.448890e+00	3.750916e-01	7.326007e-04
2.448890e+00	3.985348e-01	7.607777e-04
2.448890e+00	4.219780e-01	8.124354e-04
2.448890e+00	4.454212e-01	8.453085e-04
2.448890e+00	4.688645e-01	8.500047e-04
2.448890e+00	4.923077e-01	9.016624e-04
2.448890e+00	5.157509e-01	9.157509e-04
2.448890e+00	5.391941e-01	9.439279e-04
2.448890e+00	5.626374e-01	9.627125e-04
2.448890e+00	5.860806e-01	1.014370e-03
2.448890e+00	6.095238e-01	1.023763e-03
2.448890e+00	6.329670e-01	1.070724e-03
2.448890e+00	6.564103e-01	1.080116e-03
2.448890e+00	6.798535e-01	1.131774e-03
2.448890e+00	7.032967e-01	1.112990e-03
2.448890e+00	7.267399e-01	1.164647e-03
2.448890e+00	7.501832e-01	1.188128e-03
2.448890e+00	7.736264e-01	1.211609e-03
2.448890e+00	7.970696e-01	1.239786e-03
2.448890e+00	8.205128e-01	1.239786e-03
2.448890e+00	8.439560e-01	1.244482e-03
2.448890e+00	8.673993e-01	1.310228e-03
2.448890e+00	8.908425e-01	1.305532e-03
2.448890e+00	9.142857e-01	1.343101e-03
2.448890e+00	9.377289e-01	1.361886e-03
2.448890e+00	9.611722e-01	1.385367e-03
2.448890e+00	9.846154e-01	1.375974e-03
2.448890e+00	1.008059e+00	1.418240e-03
2.448890e+00	1.031502e+00	1.413544e-03
2.448890e+00	1.054945e+00	1.418240e-03
2.448890e+00	1.078388e+00	1.446417e-03
2.448890e+00	1.101832e+00	1.455809e-03
2.448890e+00	1.125275e+00	1.479290e-03
2.448890e+00	1.148718e+00	1.465201e-03
2.448890e+00	1.172161e+00	1.483986e-03
2.448890e+00	1.195604e+00	1.507467e-03
2.448890e+00	1.219048e+00	1.502771e-03
2.448890e+00	1.242491e+00	1.521555e-03
2.448890e+00	1.265934e+00	1.573213e-03
2.448890e+00	1.289377e+00	1.540340e-03
2.448890e+00	1.312821e+00	1.549732e-03
2.448890e+00	1.336264e+00	1.559125e-03
2.448890e+00	1.359707e+00	1.587302e-03
2.448890e+00	1.383150e+00	1.601390e-03
2.448890e+00	1.406593e+00	1.606086e-03
2.448890e+00	1.430037e+00	1.601390e-03
2.448890e+00	1.453480e+00	1.615479e-03
2.448890e+00	1.476923e+00	1.606086e-03


2.637266e+00	0.000000e+00	4.696159e-05
2.637266e+00	2.344322e-02	6.574622e-05
2.637266e+00	4.688645e-02	1.314924e-04
2.637266e+00	7.032967e-02	1.831502e-04
2.637266e+00	9.377289e-02	2.019348e-04
2.637266e+00	1.172161e-01	2.442002e-04
2.637266e+00	1.406593e-01	2.770734e-04
2.637266e+00	1.641026e-01	3.334273e-04
2.637266e+00	1.875458e-01	3.569080e-04
2.637266e+00	2.109890e-01	4.132620e-04
2.637266e+00	2.344322e-01	4.367427e-04
2.637266e+00	2.578755e-01	4.555274e-04
2.637266e+00	2.813187e-01	4.884005e-04
2.637266e+00	3.047619e-01	5.259698e-04
2.637266e+00	3.282051e-01	5.353621e-04
2.637266e+00	3.516484e-01	6.011083e-04
2.637266e+00	3.750916e-01	6.151968e-04
2.637266e+00	3.985348e-01	6.809430e-04
2.637266e+00	4.219780e-01	6.668545e-04
2.637266e+00	4.454212e-01	6.762468e-04
2.637266e+00	4.688645e-01	7.185123e-04
2.637266e+00	4.923077e-01	7.607777e-04
2.637266e+00	5.157509e-01	7.795623e-04
2.637266e+00	5.391941e-01	7.748662e-04
2.637266e+00	5.626374e-01	8.030431e-04
2.637266e+00	5.860806e-01	8.640932e-04
2.637266e+00	6.095238e-01	8.547009e-04
2.637266e+00	6.329670e-01	8.922701e-04
2.637266e+00	6.564103e-01	9.110548e-04
2.637266e+00	6.798535e-01	9.251432e-04
2.637266e+00	7.032967e-01	9.392317e-04
2.637266e+00	7.267399e-01	9.533202e-04
2.637266e+00	7.501832e-01	9.814971e-04
2.637266e+00	7.736264e-01	9.861933e-04
2.637266e+00	7.970696e-01	1.004978e-03
2.637266e+00	8.205128e-01	1.051940e-03
2.637266e+00	8.439560e-01	1.023763e-03
2.637266e+00	8.673993e-01	1.051940e-03
2.637266e+00	8.908425e-01	1.028459e-03
2.637266e+00	9.142857e-01	1.108293e-03
2.637266e+00	9.377289e-01	1.070724e-03
2.637266e+00	9.611722e-01	1.103597e-03
2.637266e+00	9.846154e-01	1.103597e-03
2.637266e+00	1.008059e+00	1.112990e-03
2.637266e+00	1.031502e+00	1.122382e-03
2.637266e+00	1.054945e+00	1.117686e-03
2.637266e+00	1.078388e+00	1.169343e-03
2.637266e+00	1.101832e+00	1.108293e-03
2.637266e+00	1.125275e+00	1.159951e-03
2.637266e+00	1.148718e+00	1.174040e-03
2.637266e+00	1.172161e+00	1.188128e-03
2.637266e+00	1.195604e+00	1.169343e-03
2.637266e+00	1.219048e+00	1.174040e-03
2.637266e+00	1.242491e+00	1.202217e-03
2.637266e+00	1.265934e+00	1.221001e-03
2.637266e+00	1.289377e+00	1.202217e-03
2.637266e+00	1.312821e+00	1.390063e-03
2.637266e+00	1.336264e+00	1.239786e-03
2.637266e+00	1.359707e+00	1.216305e-03
2.637266e+00	1.383150e+00	1.253874e-03
2.637266e+00	1.406593e+00	1.230394e-03
2.637266e+00	1.430037e+00	1.253874e-03
2.637266e+00	1.453480e+00	1.263267e-03
2.637266e+00	1.476923e+00	1.272659e-03


2.825643e+00	0.000000e+00	4.696159e-05
2.825643e+00	2.344322e-02	7.983470e-05
2.825643e+00	4.688645e-02	9.392317e-05
2.825643e+00	7.032967e-02	1.361886e-04
2.825643e+00	9.377289e-02	1.784540e-04
2.825643e+00	1.172161e-01	1.925425e-04
2.825643e+00	1.406593e-01	2.348079e-04
2.825643e+00	1.641026e-01	2.770734e-04
2.825643e+00	1.875458e-01	3.193388e-04
2.825643e+00	2.109890e-01	3.381234e-04
2.825643e+00	2.344322e-01	3.756927e-04
2.825643e+00	2.578755e-01	3.756927e-04
2.825643e+00	2.813187e-01	4.273504e-04
2.825643e+00	3.047619e-01	4.132620e-04
2.825643e+00	3.282051e-01	4.602235e-04
2.825643e+00	3.516484e-01	5.024890e-04
2.825643e+00	3.750916e-01	5.071851e-04
2.825643e+00	3.985348e-01	5.306659e-04
2.825643e+00	4.219780e-01	5.353621e-04
2.825643e+00	4.454212e-01	5.729313e-04
2.825643e+00	4.688645e-01	6.011083e-04
2.825643e+00	4.923077e-01	6.011083e-04
2.825643e+00	5.157509e-01	6.058045e-04
2.825643e+00	5.391941e-01	6.292852e-04
2.825643e+00	5.626374e-01	6.480699e-04
2.825643e+00	5.860806e-01	6.997276e-04
2.825643e+00	6.095238e-01	6.903353e-04
2.825643e+00	6.329670e-01	6.903353e-04
2.825643e+00	6.564103e-01	7.279046e-04
2.825643e+00	6.798535e-01	7.419930e-04
2.825643e+00	7.032967e-01	7.419930e-04
2.825643e+00	7.267399e-01	7.560815e-04
2.825643e+00	7.501832e-01	7.795623e-04
2.825643e+00	7.736264e-01	7.654738e-04
2.825643e+00	7.970696e-01	7.889546e-04
2.825643e+00	8.205128e-01	7.889546e-04
2.825643e+00	8.439560e-01	8.077393e-04
2.825643e+00	8.673993e-01	8.124354e-04
2.825643e+00	8.908425e-01	8.030431e-04
2.825643e+00	9.142857e-01	8.453085e-04
2.825643e+00	9.377289e-01	8.124354e-04
2.825643e+00	9.611722e-01	8.218277e-04
2.825643e+00	9.846154e-01	8.359162e-04
2.825643e+00	1.008059e+00	8.312201e-04
2.825643e+00	1.031502e+00	8.453085e-04
2.825643e+00	1.054945e+00	8.500047e-04
2.825643e+00	1.078388e+00	8.547009e-04
2.825643e+00	1.101832e+00	8.922701e-04
2.825643e+00	1.125275e+00	8.781816e-04
2.825643e+00	1.148718e+00	8.875740e-04
2.825643e+00	1.172161e+00	8.781816e-04
2.825643e+00	1.195604e+00	9.063586e-04
2.825643e+00	1.219048e+00	8.593970e-04
2.825643e+00	1.242491e+00	9.157509e-04
2.825643e+00	1.265934e+00	9.016624e-04
2.825643e+00	1.289377e+00	9.204471e-04
2.825643e+00	1.312821e+00	9.016624e-04
2.825643e+00	1.336264e+00	9.110548e-04
2.825643e+00	1.359707e+00	9.204471e-04
2.825643e+00	1.383150e+00	9.016624e-04
2.825643e+00	1.406593e+00	9.345355e-04
2.825643e+00	1.430037e+00	9.439279e-04
2.825643e+00	1.453480e+00	9.345355e-04
2.825643e+00	1.476923e+00	9.533202e-04


3.014019e+00	0.000000e+00	1.878463e-05
3.014019e+00	2.344322e-02	1.033155e-04
3.014019e+00	4.688645e-02	8.922701e-05
3.014019e+00	7.032967e-02	1.127078e-04
3.014019e+00	9.377289e-02	1.690617e-04
3.014019e+00	1.172161e-01	1.361886e-04
3.014019e+00	1.406593e-01	2.019348e-04
3.014019e+00	1.641026e-01	1.784540e-04
3.014019e+00	1.875458e-01	2.207195e-04
3.014019e+00	2.109890e-01	2.629849e-04
3.014019e+00	2.344322e-01	2.535926e-04
3.014019e+00	2.578755e-01	3.240349e-04
3.014019e+00	2.813187e-01	3.052503e-04
3.014019e+00	3.047619e-01	3.381234e-04
3.014019e+00	3.282051e-01	3.522119e-04
3.014019e+00	3.516484e-01	3.663004e-04
3.014019e+00	3.750916e-01	3.897812e-04
3.014019e+00	3.985348e-01	3.897812e-04
3.014019e+00	4.219780e-01	4.179581e-04
3.014019e+00	4.454212e-01	4.508312e-04
3.014019e+00	4.688645e-01	6.105006e-04
3.014019e+00	4.923077e-01	4.790082e-04
3.014019e+00	5.157509e-01	4.696159e-04
3.014019e+00	5.391941e-01	5.024890e-04
3.014019e+00	5.626374e-01	4.696159e-04
3.014019e+00	5.860806e-01	5.118813e-04
3.014019e+00	6.095238e-01	5.118813e-04
3.014019e+00	6.329670e-01	5.165774e-04
3.014019e+00	6.564103e-01	5.447544e-04
3.014019e+00	6.798535e-01	5.024890e-04
3.014019e+00	7.032967e-01	5.400582e-04
3.014019e+00	7.267399e-01	5.447544e-04
3.014019e+00	7.501832e-01	5.682352e-04
3.014019e+00	7.736264e-01	5.400582e-04
3.014019e+00	7.970696e-01	5.494505e-04
3.014019e+00	8.205128e-01	5.823237e-04
3.014019e+00	8.439560e-01	5.447544e-04
3.014019e+00	8.673993e-01	5.729313e-04
3.014019e+00	8.908425e-01	6.011083e-04
3.014019e+00	9.142857e-01	5.823237e-04
3.014019e+00	9.377289e-01	6.058045e-04
3.014019e+00	9.611722e-01	5.635390e-04
3.014019e+00	9.846154e-01	6.058045e-04
3.014019e+00	1.008059e+00	5.964121e-04
3.014019e+00	1.031502e+00	5.870198e-04
3.014019e+00	1.054945e+00	6.058045e-04
3.014019e+00	1.078388e+00	5.870198e-04
3.014019e+00	1.101832e+00	6.105006e-04
3.014019e+00	1.125275e+00	6.105006e-04
3.014019e+00	1.148718e+00	6.105006e-04
3.014019e+00	1.172161e+00	5.823237e-04
3.014019e+00	1.195604e+00	7.560815e-04
3.014019e+00	1.219048e+00	6.245891e-04
3.014019e+00	1.242491e+00	6.011083e-04
3.014019e+00	1.265934e+00	6.105006e-04
3.014019e+00	1.289377e+00	6.058045e-04
3.014019e+00	1.312821e+00	6.011083e-04
3.014019e+00	1.336264e+00	6.292852e-04
3.014019e+00	1.359707e+00	6.292852e-04
3.014019e+00	1.383150e+00	6.151968e-04
3.014019e+00	1.406593e+00	6.245891e-04
3.014019e+00	1.430037e+00	6.339814e-04
3.014019e+00	1.453480e+00	6.527660e-04
3.014019e+00	1.476923e+00	6.245891e-04


